VM-exit counters per physical CPU (12 reasons):
  cpu         irq     timer      mmio       wfi   hvc-smc    sysreg    gic-if       sgi    cpu-up  sys-down   nothing     other
    1       14982     14976     45228     14976         -         -         -         -         -         -         -         -
    2        1501      1029     31227       129         7         -         -       117         -         -        11         -
    3        1472      1422        52      2373         -         -         -        20         -         -         2         -
Host periodic scheduler ticks (event-driven timer IRQs excluded):
  cpu   0:       3243
  cpu   1:          0
  cpu   2:       3245
  cpu   3:       3239
axvisor:$ 
[2Kaxvisor:$ v
[2Kaxvisor:$ vm
[2Kaxvisor:$ vm 
[2Kaxvisor:$ vm c
[2Kaxvisor:$ vm co
[2Kaxvisor:$ vm con
[2Kaxvisor:$ vm cons
[2Kaxvisor:$ vm conso
[2Kaxvisor:$ vm consol
[2Kaxvisor:$ vm console
[2Kaxvisor:$ vm console 
[2Kaxvisor:$ vm console 2
✓ Attached VM[2] console; use Ctrl+X, then h to return to the shell
PERIODIC LATENCY START
sequence,timestamp_ns,deadline_ns,actual_ns,jitter_ns
0,10710848,36753010272,36753721120,710848
1,20575472,36763010272,36763585744,575472
2,30711520,36773010272,36773721792,711520
3,40564384,36783010272,36783574656,564384
4,50730208,36793010272,36793740480,730208
5,60602016,36803010272,36803612288,602016
6,70704608,36813010272,36813714880,704608
7,80621552,36823010272,36823631824,621552
8,90670304,36833010272,36833680576,670304
9,100895040,36843010272,36843905312,895040
10,110534128,36853010272,36853544400,534128
11,120582640,36863010272,36863592912,582640
12,130771664,36873010272,36873781936,771664
13,140782208,36883010272,36883792480,782208
14,150928560,36893010272,36893938832,928560
15,160991632,36903010272,36904001904,991632
16,170718912,36913010272,36913729184,718912
17,180475216,36923010272,36923485488,475216
18,190709600,36933010272,36933719872,709600
19,200506096,36943010272,36943516368,506096
20,210597664,36953010272,36953607936,597664
21,220562544,36963010272,36963572816,562544
22,230593248,36973010272,36973603520,593248
23,240607168,36983010272,36983617440,607168
24,250546208,36993010272,36993556480,546208
25,260571040,37003010272,37003581312,571040
26,270524800,37013010272,37013535072,524800
27,280583504,37023010272,37023593776,583504
28,290712544,37033010272,37033722816,712544
29,300627696,37043010272,37043637968,627696
30,310613984,37053010272,37053624256,613984
31,320861216,37063010272,37063871488,861216
32,330885984,37073010272,37073896256,885984
33,340862624,37083010272,37083872896,862624
34,351047856,37093010272,37094058128,1047856
35,360828176,37103010272,37103838448,828176
36,370858768,37113010272,37113869040,858768
37,380816112,37123010272,37123826384,816112
38,391043920,37133010272,37134054192,1043920
39,400834112,37143010272,37143844384,834112
40,410829616,37153010272,37153839888,829616
41,420756336,37163010272,37163766608,756336
42,430846672,37173010272,37173856944,846672
43,440866432,37183010272,37183876704,866432
44,450726880,37193010272,37193737152,726880
45,460899264,37203010272,37203909536,899264
46,470881808,37213010272,37213892080,881808
47,480976544,37223010272,37223986816,976544
48,490670224,37233010272,37233680496,670224
49,500704528,37243010272,37243714800,704528
50,510789136,37253010272,37253799408,789136
51,520872576,37263010272,37263882848,872576
52,530782896,37273010272,37273793168,782896
53,540813792,37283010272,37283824064,813792
54,550946352,37293010272,37293956624,946352
55,560811120,37303010272,37303821392,811120
56,570770000,37313010272,37313780272,770000
57,580840560,37323010272,37323850832,840560
58,590672992,37333010272,37333683264,672992
59,600838608,37343010272,37343848880,838608
60,610837744,37353010272,37353848016,837744
61,620848864,37363010272,37363859136,848864
62,630855584,37373010272,37373865856,855584
63,640736352,37383010272,37383746624,736352
64,650691600,37393010272,37393701872,691600
65,660686464,37403010272,37403696736,686464
66,670792096,37413010272,37413802368,792096
67,680720480,37423010272,37423730752,720480
68,690767680,37433010272,37433777952,767680
69,700814096,37443010272,37443824368,814096
70,710823200,37453010272,37453833472,823200
71,720719312,37463010272,37463729584,719312
72,730808640,37473010272,37473818912,808640
73,740845408,37483010272,37483855680,845408
74,750724080,37493010272,37493734352,724080
75,760746368,37503010272,37503756640,746368
76,770836224,37513010272,37513846496,836224
77,780867328,37523010272,37523877600,867328
78,790817696,37533010272,37533827968,817696
79,800900832,37543010272,37543911104,900832
80,810572592,37553010272,37553582864,572592
81,820559520,37563010272,37563569792,559520
82,830571424,37573010272,37573581696,571424
83,840564896,37583010272,37583575168,564896
84,850582496,37593010272,37593592768,582496
85,860551968,37603010272,37603562240,551968
86,870582480,37613010272,37613592752,582480
87,880552400,37623010272,37623562672,552400
88,890564160,37633010272,37633574432,564160
89,900550944,37643010272,37643561216,550944
90,910569536,37653010272,37653579808,569536
91,920561680,37663010272,37663571952,561680
92,930584720,37673010272,37673594992,584720
93,940592768,37683010272,37683603040,592768
94,950536992,37693010272,37693547264,536992
95,960576848,37703010272,37703587120,576848
96,970698640,37713010272,37713708912,698640
97,980564560,37723010272,37723574832,564560
98,990809984,37733010272,37733820256,809984
99,1000911552,37743010272,37743921824,911552
100,1010776688,37753010272,37753786960,776688
101,1020727968,37763010272,37763738240,727968
102,1030704688,37773010272,37773714960,704688
103,1040799920,37783010272,37783810192,799920
104,1050964448,37793010272,37793974720,964448
105,1060791488,37803010272,37803801760,791488
106,1070854304,37813010272,37813864576,854304
107,1080714240,37823010272,37823724512,714240
108,1090897920,37833010272,37833908192,897920
109,1100699152,37843010272,37843709424,699152
110,1110698288,37853010272,37853708560,698288
111,1120702128,37863010272,37863712400,702128
112,1130687552,37873010272,37873697824,687552
113,1140694192,37883010272,37883704464,694192
114,1150715968,37893010272,37893726240,715968
115,1160702560,37903010272,37903712832,702560
116,1170705568,37913010272,37913715840,705568
117,1180712032,37923010272,37923722304,712032
118,1190726016,37933010272,37933736288,726016
119,1200906640,37943010272,37943916912,906640
120,1210861456,37953010272,37953871728,861456
121,1220784880,37963010272,37963795152,784880
122,1230889728,37973010272,37973900000,889728
123,1240793024,37983010272,37983803296,793024
124,1250849648,37993010272,37993859920,849648
125,1260804720,38003010272,38003814992,804720
126,1270772288,38013010272,38013782560,772288
127,1280783200,38023010272,38023793472,783200
128,1290729472,38033010272,38033739744,729472
129,1300759744,38043010272,38043770016,759744
130,1310761008,38053010272,38053771280,761008
131,1320791888,38063010272,38063802160,791888
132,1330985328,38073010272,38073995600,985328
133,1340809328,38083010272,38083819600,809328
134,1350677312,38093010272,38093687584,677312
135,1360786096,38103010272,38103796368,786096
136,1370816944,38113010272,38113827216,816944
137,1380774256,38123010272,38123784528,774256
138,1390766848,38133010272,38133777120,766848
139,1400797392,38143010272,38143807664,797392
140,1410769776,38153010272,38153780048,769776
141,1420705968,38163010272,38163716240,705968
142,1430704752,38173010272,38173715024,704752
143,1440689664,38183010272,38183699936,689664
144,1450668576,38193010272,38193678848,668576
145,1460721344,38203010272,38203731616,721344
146,1470721216,38213010272,38213731488,721216
147,1480701488,38223010272,38223711760,701488
148,1490692784,38233010272,38233703056,692784
149,1500687296,38243010272,38243697568,687296
150,1510764528,38253010272,38253774800,764528
151,1520676592,38263010272,38263686864,676592
152,1530715984,38273010272,38273726256,715984
153,1540769280,38283010272,38283779552,769280
154,1550800288,38293010272,38293810560,800288
155,1560819232,38303010272,38303829504,819232
156,1571029120,38313010272,38314039392,1029120
157,1580802496,38323010272,38323812768,802496
158,1590566704,38333010272,38333576976,566704
159,1600533456,38343010272,38343543728,533456
160,1610604928,38353010272,38353615200,604928
161,1620527696,38363010272,38363537968,527696
162,1630672048,38373010272,38373682320,672048
163,1640565184,38383010272,38383575456,565184
164,1650663968,38393010272,38393674240,663968
165,1660699040,38403010272,38403709312,699040
166,1670712576,38413010272,38413722848,712576
167,1680791504,38423010272,38423801776,791504
168,1690420128,38433010272,38433430400,420128
169,1700618976,38443010272,38443629248,618976
170,1710581824,38453010272,38453592096,581824
171,1720530960,38463010272,38463541232,530960
172,1730547920,38473010272,38473558192,547920
173,1740522832,38483010272,38483533104,522832
174,1750742976,38493010272,38493753248,742976
175,1760818656,38503010272,38503828928,818656
176,1770733632,38513010272,38513743904,733632
177,1780724688,38523010272,38523734960,724688
178,1790741904,38533010272,38533752176,741904
179,1800889792,38543010272,38543900064,889792
180,1810795504,38553010272,38553805776,795504
181,1820786784,38563010272,38563797056,786784
182,1830830080,38573010272,38573840352,830080
183,1840892912,38583010272,38583903184,892912
184,1850781648,38593010272,38593791920,781648
185,1860716032,38603010272,38603726304,716032
186,1870792944,38613010272,38613803216,792944
187,1880817776,38623010272,38623828048,817776
188,1890970704,38633010272,38633980976,970704
189,1900831392,38643010272,38643841664,831392
190,1911011840,38653010272,38654022112,1011840
191,1920703616,38663010272,38663713888,703616
192,1930799600,38673010272,38673809872,799600
193,1940800944,38683010272,38683811216,800944
194,1950665728,38693010272,38693676000,665728
195,1960433808,38703010272,38703444080,433808
196,1970421888,38713010272,38713432160,421888
197,1980578976,38723010272,38723589248,578976
198,1990572208,38733010272,38733582480,572208
199,2000528432,38743010272,38743538704,528432
200,2010567520,38753010272,38753577792,567520
201,2020532944,38763010272,38763543216,532944
202,2030566640,38773010272,38773576912,566640
203,2040541984,38783010272,38783552256,541984
204,2050610224,38793010272,38793620496,610224
205,2060576288,38803010272,38803586560,576288
206,2070603200,38813010272,38813613472,603200
207,2080592512,38823010272,38823602784,592512
208,2090538896,38833010272,38833549168,538896
209,2100568384,38843010272,38843578656,568384
210,2110548128,38853010272,38853558400,548128
211,2120620800,38863010272,38863631072,620800
212,2130671488,38873010272,38873681760,671488
213,2140518736,38883010272,38883529008,518736
214,2150580096,38893010272,38893590368,580096
215,2160579488,38903010272,38903589760,579488
216,2170591104,38913010272,38913601376,591104
217,2180679984,38923010272,38923690256,679984
218,2190718192,38933010272,38933728464,718192
219,2200483984,38943010272,38943494256,483984
220,2210596704,38953010272,38953606976,596704
221,2220565040,38963010272,38963575312,565040
222,2230548192,38973010272,38973558464,548192
223,2240640736,38983010272,38983651008,640736
224,2250622304,38993010272,38993632576,622304
225,2260565504,39003010272,39003575776,565504
226,2270562464,39013010272,39013572736,562464
227,2280682576,39023010272,39023692848,682576
228,2290553584,39033010272,39033563856,553584
229,2300566032,39043010272,39043576304,566032
230,2310566592,39053010272,39053576864,566592
231,2320567840,39063010272,39063578112,567840
232,2330599456,39073010272,39073609728,599456
233,2340627472,39083010272,39083637744,627472
234,2350790464,39093010272,39093800736,790464
235,2360797440,39103010272,39103807712,797440
236,2370802432,39113010272,39113812704,802432
237,2380541744,39123010272,39123552016,541744
238,2390567568,39133010272,39133577840,567568
239,2400692592,39143010272,39143702864,692592
240,2410552528,39153010272,39153562800,552528
241,2420548432,39163010272,39163558704,548432
242,2430589536,39173010272,39173599808,589536
243,2440608976,39183010272,39183619248,608976
244,2450556624,39193010272,39193566896,556624
245,2460879344,39203010272,39203889616,879344
246,2470845120,39213010272,39213855392,845120
247,2480738768,39223010272,39223749040,738768
248,2490819376,39233010272,39233829648,819376
249,2500863536,39243010272,39243873808,863536
250,2510857664,39253010272,39253867936,857664
251,2520844496,39263010272,39263854768,844496
252,2530789264,39273010272,39273799536,789264
253,2540828576,39283010272,39283838848,828576
254,2551067168,39293010272,39294077440,1067168
255,2560818992,39303010272,39303829264,818992
256,2570790768,39313010272,39313801040,790768
257,2580808768,39323010272,39323819040,808768
258,2590697040,39333010272,39333707312,697040
259,2600577744,39343010272,39343588016,577744
260,2610682352,39353010272,39353692624,682352
261,2620571200,39363010272,39363581472,571200
262,2630568320,39373010272,39373578592,568320
263,2640551600,39383010272,39383561872,551600
264,2650493216,39393010272,39393503488,493216
265,2660546880,39403010272,39403557152,546880
266,2670569584,39413010272,39413579856,569584
267,2680558224,39423010272,39423568496,558224
268,2690560336,39433010272,39433570608,560336
269,2700541552,39443010272,39443551824,541552
270,2710574400,39453010272,39453584672,574400
271,2720553584,39463010272,39463563856,553584
272,2730539728,39473010272,39473550000,539728
273,2740579856,39483010272,39483590128,579856
274,2750737472,39493010272,39493747744,737472
275,2760790592,39503010272,39503800864,790592
276,2770769072,39513010272,39513779344,769072
277,2780809360,39523010272,39523819632,809360
278,2790697120,39533010272,39533707392,697120
279,2800694240,39543010272,39543704512,694240
280,2810854016,39553010272,39553864288,854016
281,2820775248,39563010272,39563785520,775248
282,2830737824,39573010272,39573748096,737824
283,2840790528,39583010272,39583800800,790528
284,2850775824,39593010272,39593786096,775824
285,2860777248,39603010272,39603787520,777248
286,2870759520,39613010272,39613769792,759520
287,2880705872,39623010272,39623716144,705872
288,2890767600,39633010272,39633777872,767600
289,2900836544,39643010272,39643846816,836544
290,2910887744,39653010272,39653898016,887744
291,2920718416,39663010272,39663728688,718416
292,2930881536,39673010272,39673891808,881536
293,2940858576,39683010272,39683868848,858576
294,2950676736,39693010272,39693687008,676736
295,2960839584,39703010272,39703849856,839584
296,2970765440,39713010272,39713775712,765440
297,2980799168,39723010272,39723809440,799168
298,2990781072,39733010272,39733791344,781072
299,3000793408,39743010272,39743803680,793408
PERIODIC LATENCY COMPLETE samples=300
