
--- before ---
VM-exit counters per physical CPU (12 reasons):
  cpu         irq     timer      mmio       wfi   hvc-smc    sysreg    gic-if       sgi    cpu-up  sys-down   nothing     other
    1       15558     15160     45780     15160         -         -         -         -         -         -         -         -
    2        1045       742     30407      1650         7         -         -       126         -         -        11         -
    3        1757      1644        52      2543         -         -         -        18         -         -         2         -
Host periodic scheduler ticks (event-driven timer IRQs excluded):
  cpu   0:       3281
  cpu   1:       3284
  cpu   2:       3284
  cpu   3:       3281
axvisor:$ 
[2Kaxvisor:$ v
[2Kaxvisor:$ vm
[2Kaxvisor:$ vm 
[2Kaxvisor:$ vm c
[2Kaxvisor:$ vm co
[2Kaxvisor:$ vm con
[2Kaxvisor:$ vm cons
[2Kaxvisor:$ vm conso
[2Kaxvisor:$ vm consol
[2Kaxvisor:$ vm console
[2Kaxvisor:$ vm console 
[2Kaxvisor:$ vm console 2
✓ Attached VM[2] console; use Ctrl+X, then h to return to the shell
PERIODIC LATENCY START
sequence,timestamp_ns,deadline_ns,actual_ns,jitter_ns
0,10674800,36889011616,36889686416,674800
1,20616768,36899011616,36899628384,616768
2,30670064,36909011616,36909681680,670064
3,40558064,36919011616,36919569680,558064
4,50563168,36929011616,36929574784,563168
5,60632784,36939011616,36939644400,632784
6,70569216,36949011616,36949580832,569216
7,80645696,36959011616,36959657312,645696
8,90556224,36969011616,36969567840,556224
9,100585648,36979011616,36979597264,585648
10,110606544,36989011616,36989618160,606544
11,120561120,36999011616,36999572736,561120
12,130591520,37009011616,37009603136,591520
13,140677216,37019011616,37019688832,677216
14,150649424,37029011616,37029661040,649424
15,160441840,37039011616,37039453456,441840
16,170413776,37049011616,37049425392,413776
17,180465344,37059011616,37059476960,465344
18,190571456,37069011616,37069583072,571456
19,200670016,37079011616,37079681632,670016
20,210766224,37089011616,37089777840,766224
21,220540032,37099011616,37099551648,540032
22,230544800,37109011616,37109556416,544800
23,240677728,37119011616,37119689344,677728
24,250560560,37129011616,37129572176,560560
25,260564080,37139011616,37139575696,564080
26,270572720,37149011616,37149584336,572720
27,280571984,37159011616,37159583600,571984
28,290588640,37169011616,37169600256,588640
29,300694528,37179011616,37179706144,694528
30,310605936,37189011616,37189617552,605936
31,320500848,37199011616,37199512464,500848
32,330493056,37209011616,37209504672,493056
33,340427040,37219011616,37219438656,427040
34,350589488,37229011616,37229601104,589488
35,360511936,37239011616,37239523552,511936
36,370534800,37249011616,37249546416,534800
37,380406832,37259011616,37259418448,406832
38,390405408,37269011616,37269417024,405408
39,400418848,37279011616,37279430464,418848
40,410484160,37289011616,37289495776,484160
41,420417680,37299011616,37299429296,417680
42,430568832,37309011616,37309580448,568832
43,440493312,37319011616,37319504928,493312
44,450520688,37329011616,37329532304,520688
45,460556816,37339011616,37339568432,556816
46,470745040,37349011616,37349756656,745040
47,480557584,37359011616,37359569200,557584
48,490694880,37369011616,37369706496,694880
49,500546224,37379011616,37379557840,546224
50,510734592,37389011616,37389746208,734592
51,520558464,37399011616,37399570080,558464
52,530585632,37409011616,37409597248,585632
53,540561376,37419011616,37419572992,561376
54,550560800,37429011616,37429572416,560800
55,560598160,37439011616,37439609776,598160
56,570697744,37449011616,37449709360,697744
57,580592640,37459011616,37459604256,592640
58,590688448,37469011616,37469700064,688448
59,600685040,37479011616,37479696656,685040
60,610701312,37489011616,37489712928,701312
61,620592480,37499011616,37499604096,592480
62,630694016,37509011616,37509705632,694016
63,640722976,37519011616,37519734592,722976
64,650619408,37529011616,37529631024,619408
65,660568928,37539011616,37539580544,568928
66,670580736,37549011616,37549592352,580736
67,680698368,37559011616,37559709984,698368
68,690709392,37569011616,37569721008,709392
69,700664000,37579011616,37579675616,664000
70,710542528,37589011616,37589554144,542528
71,720422160,37599011616,37599433776,422160
72,730453360,37609011616,37609464976,453360
73,740427216,37619011616,37619438832,427216
74,750482096,37629011616,37629493712,482096
75,760452240,37639011616,37639463856,452240
76,770444000,37649011616,37649455616,444000
77,780429120,37659011616,37659440736,429120
78,790471712,37669011616,37669483328,471712
79,800488656,37679011616,37679500272,488656
80,810433824,37689011616,37689445440,433824
81,820495184,37699011616,37699506800,495184
82,830618496,37709011616,37709630112,618496
83,840442480,37719011616,37719454096,442480
84,850508192,37729011616,37729519808,508192
85,860484544,37739011616,37739496160,484544
86,870489536,37749011616,37749501152,489536
87,880586016,37759011616,37759597632,586016
88,890711840,37769011616,37769723456,711840
89,900547760,37779011616,37779559376,547760
90,910880688,37789011616,37789892304,880688
91,920778448,37799011616,37799790064,778448
92,931006864,37809011616,37810018480,1006864
93,940840064,37819011616,37819851680,840064
94,950543808,37829011616,37829555424,543808
95,960492992,37839011616,37839504608,492992
96,970552656,37849011616,37849564272,552656
97,980422288,37859011616,37859433904,422288
98,990612704,37869011616,37869624320,612704
99,1000421952,37879011616,37879433568,421952
100,1010531056,37889011616,37889542672,531056
101,1020408656,37899011616,37899420272,408656
102,1030485088,37909011616,37909496704,485088
103,1040443744,37919011616,37919455360,443744
104,1050403680,37929011616,37929415296,403680
105,1060418720,37939011616,37939430336,418720
106,1070704080,37949011616,37949715696,704080
107,1080404160,37959011616,37959415776,404160
108,1090485328,37969011616,37969496944,485328
109,1100409920,37979011616,37979421536,409920
110,1110567232,37989011616,37989578848,567232
111,1120421184,37999011616,37999432800,421184
112,1130474688,38009011616,38009486304,474688
113,1140414896,38019011616,38019426512,414896
114,1150483408,38029011616,38029495024,483408
115,1160414960,38039011616,38039426576,414960
116,1170435296,38049011616,38049446912,435296
117,1180408416,38059011616,38059420032,408416
118,1190445936,38069011616,38069457552,445936
119,1200404928,38079011616,38079416544,404928
120,1210962880,38089011616,38089974496,962880
121,1220655088,38099011616,38099666704,655088
122,1230409296,38109011616,38109420912,409296
123,1240506800,38119011616,38119518416,506800
124,1250510784,38129011616,38129522400,510784
125,1260448592,38139011616,38139460208,448592
126,1270509696,38149011616,38149521312,509696
127,1280607456,38159011616,38159619072,607456
128,1290630000,38169011616,38169641616,630000
129,1300533792,38179011616,38179545408,533792
130,1310538688,38189011616,38189550304,538688
131,1320516320,38199011616,38199527936,516320
132,1330603536,38209011616,38209615152,603536
133,1340618592,38219011616,38219630208,618592
134,1350462256,38229011616,38229473872,462256
135,1360614528,38239011616,38239626144,614528
136,1370519712,38249011616,38249531328,519712
137,1380510512,38259011616,38259522128,510512
138,1390625424,38269011616,38269637040,625424
139,1400517152,38279011616,38279528768,517152
140,1410546224,38289011616,38289557840,546224
141,1420639408,38299011616,38299651024,639408
142,1430732896,38309011616,38309744512,732896
143,1440419504,38319011616,38319431120,419504
144,1450483504,38329011616,38329495120,483504
145,1460411712,38339011616,38339423328,411712
146,1470417888,38349011616,38349429504,417888
147,1480401136,38359011616,38359412752,401136
148,1490480784,38369011616,38369492400,480784
149,1500415904,38379011616,38379427520,415904
150,1510491264,38389011616,38389502880,491264
151,1520419568,38399011616,38399431184,419568
152,1530855040,38409011616,38409866656,855040
153,1540753056,38419011616,38419764672,753056
154,1550978272,38429011616,38429989888,978272
155,1560699120,38439011616,38439710736,699120
156,1570421712,38449011616,38449433328,421712
157,1580407456,38459011616,38459419072,407456
158,1590469888,38469011616,38469481504,469888
159,1600406880,38479011616,38479418496,406880
160,1610486240,38489011616,38489497856,486240
161,1620404560,38499011616,38499416176,404560
162,1630483632,38509011616,38509495248,483632
163,1640407008,38519011616,38519418624,407008
164,1650462768,38529011616,38529474384,462768
165,1660403184,38539011616,38539414800,403184
166,1670629312,38549011616,38549640928,629312
167,1680527712,38559011616,38559539328,527712
168,1690478976,38569011616,38569490592,478976
169,1700517696,38579011616,38579529312,517696
170,1710498480,38589011616,38589510096,498480
171,1720409888,38599011616,38599421504,409888
172,1730531488,38609011616,38609543104,531488
173,1740407552,38619011616,38619419168,407552
174,1750430480,38629011616,38629442096,430480
175,1760401072,38639011616,38639412688,401072
176,1770432208,38649011616,38649443824,432208
177,1780400080,38659011616,38659411696,400080
178,1790506192,38669011616,38669517808,506192
179,1800514192,38679011616,38679525808,514192
180,1810428848,38689011616,38689440464,428848
181,1820484336,38699011616,38699495952,484336
182,1830551952,38709011616,38709563568,551952
183,1840499232,38719011616,38719510848,499232
184,1850521056,38729011616,38729532672,521056
185,1860745760,38739011616,38739757376,745760
186,1870685008,38749011616,38749696624,685008
187,1880697328,38759011616,38759708944,697328
188,1890522032,38769011616,38769533648,522032
189,1900584576,38779011616,38779596192,584576
190,1910546176,38789011616,38789557792,546176
191,1920595696,38799011616,38799607312,595696
192,1930614656,38809011616,38809626272,614656
193,1940598240,38819011616,38819609856,598240
194,1950504304,38829011616,38829515920,504304
195,1960614720,38839011616,38839626336,614720
196,1970523968,38849011616,38849535584,523968
197,1980577504,38859011616,38859589120,577504
198,1990579952,38869011616,38869591568,579952
199,2000549344,38879011616,38879560960,549344
200,2010604656,38889011616,38889616272,604656
201,2020576560,38899011616,38899588176,576560
202,2030754160,38909011616,38909765776,754160
203,2040958496,38919011616,38919970112,958496
204,2050982960,38929011616,38929994576,982960
205,2060762672,38939011616,38939774288,762672
206,2070763872,38949011616,38949775488,763872
207,2080784544,38959011616,38959796160,784544
208,2090802368,38969011616,38969813984,802368
209,2100778032,38979011616,38979789648,778032
210,2110708528,38989011616,38989720144,708528
211,2120727216,38999011616,38999738832,727216
212,2130839344,39009011616,39009850960,839344
213,2140803328,39019011616,39019814944,803328
214,2150724800,39029011616,39029736416,724800
215,2160591968,39039011616,39039603584,591968
216,2170578016,39049011616,39049589632,578016
217,2180640208,39059011616,39059651824,640208
218,2190617760,39069011616,39069629376,617760
219,2200466176,39079011616,39079477792,466176
220,2210635984,39089011616,39089647600,635984
221,2220580176,39099011616,39099591792,580176
222,2230605168,39109011616,39109616784,605168
223,2240447536,39119011616,39119459152,447536
224,2250773408,39129011616,39129785024,773408
225,2260760848,39139011616,39139772464,760848
226,2270775952,39149011616,39149787568,775952
227,2280777424,39159011616,39159789040,777424
228,2290787440,39169011616,39169799056,787440
229,2300758592,39179011616,39179770208,758592
230,2310887152,39189011616,39189898768,887152
231,2320754496,39199011616,39199766112,754496
232,2330858048,39209011616,39209869664,858048
233,2340838448,39219011616,39219850064,838448
234,2350798512,39229011616,39229810128,798512
235,2360566048,39239011616,39239577664,566048
236,2370669968,39249011616,39249681584,669968
237,2380664928,39259011616,39259676544,664928
238,2390562384,39269011616,39269574000,562384
239,2400591616,39279011616,39279603232,591616
240,2410508800,39289011616,39289520416,508800
241,2420588336,39299011616,39299599952,588336
242,2430579824,39309011616,39309591440,579824
243,2440659728,39319011616,39319671344,659728
244,2450576912,39329011616,39329588528,576912
245,2460786208,39339011616,39339797824,786208
246,2470756176,39349011616,39349767792,756176
247,2480703056,39359011616,39359714672,703056
248,2490804160,39369011616,39369815776,804160
249,2500530976,39379011616,39379542592,530976
250,2510574288,39389011616,39389585904,574288
251,2520649024,39399011616,39399660640,649024
252,2530661760,39409011616,39409673376,661760
253,2540524880,39419011616,39419536496,524880
254,2550536112,39429011616,39429547728,536112
255,2560761296,39439011616,39439772912,761296
256,2570538560,39449011616,39449550176,538560
257,2580455872,39459011616,39459467488,455872
258,2590696496,39469011616,39469708112,696496
259,2600594672,39479011616,39479606288,594672
260,2610651120,39489011616,39489662736,651120
261,2620485344,39499011616,39499496960,485344
262,2630567456,39509011616,39509579072,567456
263,2640540352,39519011616,39519551968,540352
264,2650585824,39529011616,39529597440,585824
265,2660565232,39539011616,39539576848,565232
266,2670685232,39549011616,39549696848,685232
267,2680612800,39559011616,39559624416,612800
268,2690558576,39569011616,39569570192,558576
269,2700580608,39579011616,39579592224,580608
270,2710683952,39589011616,39589695568,683952
271,2720440192,39599011616,39599451808,440192
272,2730577584,39609011616,39609589200,577584
273,2740676144,39619011616,39619687760,676144
274,2750526640,39629011616,39629538256,526640
275,2760704816,39639011616,39639716432,704816
276,2770558544,39649011616,39649570160,558544
277,2780571200,39659011616,39659582816,571200
278,2790739392,39669011616,39669751008,739392
279,2800785744,39679011616,39679797360,785744
280,2810611120,39689011616,39689622736,611120
281,2820529392,39699011616,39699541008,529392
282,2830614016,39709011616,39709625632,614016
283,2840689328,39719011616,39719700944,689328
284,2850518256,39729011616,39729529872,518256
285,2860534096,39739011616,39739545712,534096
286,2870547440,39749011616,39749559056,547440
287,2880508720,39759011616,39759520336,508720
288,2890619904,39769011616,39769631520,619904
289,2900542928,39779011616,39779554544,542928
290,2910577552,39789011616,39789589168,577552
291,2920602032,39799011616,39799613648,602032
292,2930557680,39809011616,39809569296,557680
293,2940634560,39819011616,39819646176,634560
294,2950712528,39829011616,39829724144,712528
295,2960569584,39839011616,39839581200,569584
296,2970417840,39849011616,39849429456,417840
297,2980540128,39859011616,39859551744,540128
298,2990556720,39869011616,39869568336,556720
299,3000672096,39879011616,39879683712,672096
PERIODIC LATENCY COMPLETE samples=300

--- zephyr-after ---
VM-exit counters per physical CPU (12 reasons):
  cpu         irq     timer      mmio       wfi   hvc-smc    sysreg    gic-if       sgi    cpu-up  sys-down   nothing     other
    1   17320@149.1/s 16767@136.0/s 77705@2701.1/s 16768@136.1/s         -         -         -         -         -         -         -         -
    2    1171@10.7/s   833@7.7/s 30464@4.8/s 11691@849.6/s         7         -         -       126         -         -        11         -
    3   11447@819.9/s 11073@797.8/s        52 11375@747.3/s         -         -         -    29@0.9/s         -         -         2         -
Host periodic scheduler ticks (event-driven timer IRQs excluded):
  cpu   0:       4230 (80.294/s)
  cpu   1:       4234 (80.378/s)
  cpu   2:       4230 (80.040/s)
  cpu   3:       4231 (80.378/s)
axvisor:$ 
[2Kaxvisor:$ v
[2Kaxvisor:$ vm
[2Kaxvisor:$ vm 
[2Kaxvisor:$ vm c
[2Kaxvisor:$ vm co
[2Kaxvisor:$ vm con
[2Kaxvisor:$ vm cons
[2Kaxvisor:$ vm conso
[2Kaxvisor:$ vm consol
[2Kaxvisor:$ vm console
[2Kaxvisor:$ vm console 
[2Kaxvisor:$ vm console 1
✓ Attached VM[1] console; use Ctrl+X, then h to return to the shell
RT_PROGRESS uptime_s=38.77
[   47.919625] random: crng init done
RT_PROGRESS uptime_s=48.78
RT_PROGRESS uptime_s=58.80
RT_PROGRESS uptime_s=68.80
RT_PROGRESS uptime_s=78.82
RT_PROGRESS uptime_s=88.82
RT_PROGRESS uptime_s=98.84
RT_PROGRESS uptime_s=108.85
RT_PROGRESS uptime_s=118.86
RT_PROGRESS uptime_s=128.87
RT_PROGRESS uptime_s=138.88
RT_PROGRESS uptime_s=148.90
WARN: stat /dev/cpu_dma_latency failed: No such file or directory
# Histogram
000157 000001
000158 000001
000163 000001
000164 000004
000165 000002
000166 000007
000168 000006
000169 000005
000170 000007
000171 000004
000172 000006
000173 000005
000174 000006
000175 000005
000176 000007
000177 000008
000178 000009
000179 000007
000180 000003
000181 000005
000182 000009
000183 000009
000184 000005
000185 000005
000186 000005
000187 000005
000188 000005
000189 000006
000190 000005
000191 000008
000192 000007
000193 000008
000194 000005
000195 000005
000196 000007
000197 000006
000198 000003
000199 000007
000200 000004
000201 000004
000202 000005
000203 000006
000204 000006
000205 000009
000206 000005
000207 000009
000208 000007
000209 000004
000210 000006
000211 000011
000212 000007
000213 000003
000214 000007
000215 000004
000216 000007
000217 000002
000218 000010
000219 000002
000220 000005
000221 000004
000222 000005
000223 000006
000224 000005
000225 000004
000226 000005
000227 000005
000228 000006
000229 000004
000231 000006
000232 000003
000233 000003
000234 000003
000235 000007
000236 000004
000237 000004
000238 000007
000239 000003
000240 000005
000241 000004
000242 000007
000243 000002
000244 000005
000245 000008
000246 000004
000247 000005
000248 000008
000249 000006
000250 000008
000251 000008
000252 000003
000253 000009
000254 000011
000255 000004
000256 000003
000257 000005
000258 000008
000259 000007
000260 000003
000261 000004
000262 000005
000263 000003
000264 000004
000265 000004
000266 000012
000267 000005
000268 000002
000269 000009
000270 000005
000271 000006
000272 000005
000273 000003
000274 000006
000275 000009
000276 000007
000277 000008
000278 000012
000279 000009
000280 000005
000281 000007
000282 000012
000283 000010
000284 000008
000285 000013
000286 000010
000287 000010
000288 000011
000289 000014
000290 000006
000291 000014
000292 000014
000293 000008
000294 000011
000295 000015
000296 000018
000297 000012
000298 000015
000299 000017
000300 000020
000301 000013
000302 000012
000303 000019
000304 000016
000305 000013
000306 000022
000307 000021
000308 000022
000309 000010
000310 000016
000311 000016
000312 000016
000313 000014
000314 000012
000315 000017
000316 000015
000317 000017
000318 000016
000319 000015
000320 000022
000321 000016
000322 000011
000323 000013
000324 000008
000325 000008
000326 000013
000327 000006
000328 000014
000329 000016
000330 000011
000331 000007
000332 000014
000333 000020
000334 000010
000335 000015
000336 000010
000337 000015
000338 000013
000339 000010
000340 000013
000341 000012
000342 000014
000343 000008
000344 000026
000345 000018
000346 000016
000347 000018
000348 000027
000349 000023
000350 000019
000351 000017
000352 000025
000353 000024
000354 000043
000355 000025
000356 000036
000357 000039
000358 000054
000359 000054
000360 000077
000361 000073
000362 000086
000363 000076
000364 000095
000365 000100
000366 000126
000367 000110
000368 000114
000369 000142
000370 000146
000371 000130
000372 000177
000373 000165
000374 000179
000375 000168
000376 000199
000377 000187
000378 000191
000379 000208
000380 000197
000381 000228
000382 000207
000383 000249
000384 000244
000385 000236
000386 000249
000387 000279
000388 000249
000389 000267
000390 000245
000391 000257
000392 000255
000393 000276
000394 000252
000395 000290
000396 000248
000397 000236
000398 000284
000399 000244
000400 000276
000401 000219
000402 000214
000403 000249
000404 000262
000405 000246
000406 000244
000407 000223
000408 000232
000409 000222
000410 000223
000411 000229
000412 000209
000413 000202
000414 000208
000415 000238
000416 000194
000417 000177
000418 000187
000419 000186
000420 000208
000421 000202
000422 000198
000423 000195
000424 000199
000425 000190
000426 000174
000427 000161
000428 000176
000429 000176
000430 000158
000431 000136
000432 000149
000433 000152
000434 000146
000435 000150
000436 000140
000437 000161
000438 000150
000439 000169
000440 000163
000441 000161
000442 000191
000443 000176
000444 000174
000445 000163
000446 000184
000447 000190
000448 000215
000449 000194
000450 000214
000451 000255
000452 000267
000453 000270
000454 000308
000455 000290
000456 000312
000457 000292
000458 000366
000459 000348
000460 000370
000461 000392
000462 000365
000463 000418
000464 000388
000465 000398
000466 000479
000467 000382
000468 000453
000469 000424
000470 000443
000471 000424
000472 000432
000473 000447
000474 000408
000475 000437
000476 000392
000477 000414
000478 000429
000479 000456
000480 000457
000481 000441
000482 000423
000483 000454
000484 000450
000485 000493
000486 000516
000487 000509
000488 000549
000489 000546
000490 000587
000491 000589
000492 000580
000493 000642
000494 000666
000495 000702
000496 000702
000497 000690
000498 000777
000499 000728
000500 000777
000501 000803
000502 000796
000503 000742
000504 000837
000505 000717
000506 000776
000507 000821
000508 000792
000509 000803
000510 000838
000511 000801
000512 000759
000513 000741
000514 000727
000515 000710
000516 000753
000517 000723
000518 000736
000519 000668
000520 000662
000521 000673
000522 000646
000523 000637
000524 000645
000525 000595
000526 000593
000527 000558
000528 000540
000529 000523
000530 000548
000531 000520
000532 000477
000533 000469
000534 000433
000535 000400
000536 000422
000537 000418
000538 000397
000539 000398
000540 000392
000541 000374
000542 000361
000543 000349
000544 000339
000545 000360
000546 000346
000547 000340
000548 000342
000549 000312
000550 000347
000551 000304
000552 000325
000553 000327
000554 000367
000555 000366
000556 000391
000557 000341
000558 000374
000559 000357
000560 000374
000561 000357
000562 000352
000563 000362
000564 000340
000565 000326
000566 000313
000567 000320
000568 000320
000569 000318
000570 000309
000571 000291
000572 000298
000573 000275
000574 000278
000575 000291
000576 000325
000577 000309
000578 000332
000579 000238
000580 000329
000581 000290
000582 000291
000583 000345
000584 000324
000585 000299
000586 000320
000587 000314
000588 000316
000589 000285
000590 000296
000591 000286
000592 000282
000593 000297
000594 000279
000595 000279
000596 000248
000597 000231
000598 000242
000599 000242
000600 000210
000601 000193
000602 000212
000603 000222
000604 000193
000605 000195
000606 000204
000607 000198
000608 000208
000609 000165
000610 000185
000611 000186
000612 000199
000613 000178
000614 000176
000615 000197
000616 000204
000617 000194
000618 000202
000619 000216
000620 000209
000621 000236
000622 000234
000623 000209
000624 000240
000625 000224
000626 000230
000627 000232
000628 000212
000629 000210
000630 000215
000631 000173
000632 000230
000633 000215
000634 000191
000635 000190
000636 000193
000637 000182
000638 000192
000639 000156
000640 000183
000641 000159
000642 000163
000643 000188
000644 000151
000645 000161
000646 000133
000647 000158
000648 000153
000649 000166
000650 000159
000651 000150
000652 000140
000653 000174
000654 000167
000655 000162
000656 000159
000657 000131
000658 000156
000659 000158
000660 000130
000661 000130
000662 000130
000663 000129
000664 000122
000665 000130
000666 000128
000667 000121
000668 000129
000669 000122
000670 000101
000671 000114
000672 000094
000673 000106
000674 000108
000675 000097
000676 000124
000677 000070
000678 000100
000679 000087
000680 000093
000681 000095
000682 000094
000683 000097
000684 000080
000685 000087
000686 000087
000687 000060
000688 000066
000689 000063
000690 000063
000691 000059
000692 000071
000693 000064
000694 000067
000695 000071
000696 000060
000697 000078
000698 000051
000699 000069
000700 000046
000701 000053
000702 000066
000703 000063
000704 000059
000705 000059
000706 000055
000707 000048
000708 000045
000709 000055
000710 000055
000711 000061
000712 000045
000713 000039
000714 000050
000715 000057
000716 000052
000717 000052
000718 000060
000719 000045
000720 000049
000721 000044
000722 000045
000723 000045
000724 000043
000725 000053
000726 000038
000727 000039
000728 000042
000729 000031
000730 000042
000731 000046
000732 000044
000733 000036
000734 000033
000735 000043
000736 000041
000737 000039
000738 000038
000739 000047
000740 000036
000741 000036
000742 000053
000743 000049
000744 000046
000745 000056
000746 000043
000747 000045
000748 000051
000749 000052
000750 000047
000751 000046
000752 000053
000753 000050
000754 000048
000755 000075
000756 000048
000757 000059
000758 000060
000759 000065
000760 000062
000761 000061
000762 000076
000763 000068
000764 000061
000765 000059
000766 000060
000767 000045
000768 000059
000769 000056
000770 000051
000771 000061
000772 000049
000773 000046
000774 000056
000775 000052
000776 000054
000777 000046
000778 000052
000779 000048
000780 000053
000781 000055
000782 000040
000783 000044
000784 000047
000785 000044
000786 000056
000787 000050
000788 000038
000789 000051
000790 000039
000791 000048
000792 000045
000793 000049
000794 000043
000795 000050
000796 000053
000797 000049
000798 000040
000799 000045
000800 000036
000801 000045
000802 000042
000803 000049
000804 000050
000805 000031
000806 000046
000807 000043
000808 000042
000809 000042
000810 000043
000811 000040
000812 000039
000813 000037
000814 000033
000815 000038
000816 000047
000817 000047
000818 000039
000819 000008
000821 000001
000822 000007
000823 000013
000824 000037
000825 000043
000826 000045
000827 000046
000828 000046
000829 000041
000830 000047
000831 000038
000832 000033
000833 000026
000834 000036
000835 000034
000836 000031
000837 000027
000838 000028
000839 000042
000840 000030
000841 000037
000842 000022
000843 000027
000844 000030
000845 000025
000846 000030
000847 000024
000848 000028
000849 000030
000850 000020
000851 000034
000852 000026
000853 000021
000854 000023
000855 000029
000856 000034
000857 000017
000858 000017
000859 000013
000860 000032
000861 000027
000862 000026
000863 000019
000864 000018
000865 000016
000866 000016
000867 000019
000868 000018
000869 000017
000870 000020
000871 000026
000872 000013
000873 000014
000874 000014
000875 000018
000876 000009
000877 000018
000878 000018
000879 000016
000880 000015
000881 000021
000882 000018
000883 000015
000884 000024
000885 000011
000886 000009
000887 000017
000888 000019
000889 000017
000890 000018
000891 000018
000892 000013
000893 000013
000894 000022
000895 000011
000896 000017
000897 000017
000898 000016
000899 000007
000900 000015
000901 000017
000902 000011
000903 000015
000904 000021
000905 000017
000906 000011
000907 000009
000908 000012
000909 000008
000910 000006
000911 000011
000912 000016
000913 000015
000914 000020
000915 000010
000916 000012
000917 000008
000918 000008
000919 000016
000920 000015
000921 000015
000922 000020
000923 000006
000924 000017
000925 000011
000926 000008
000927 000011
000928 000012
000929 000009
000930 000007
000931 000009
000932 000009
000933 000005
000934 000008
000935 000007
000936 000006
000937 000013
000938 000007
000939 000003
000940 000008
000941 000005
000942 000005
000943 000005
000944 000010
000945 000008
000946 000004
000947 000008
000948 000008
000949 000007
000950 000007
000951 000010
000952 000007
000953 000005
000954 000006
000955 000003
000956 000012
000957 000008
000958 000003
000959 000005
000960 000001
000961 000010
000962 000008
000963 000004
000964 000009
000965 000002
000966 000006
000967 000006
000968 000003
000969 000002
000970 000007
000971 000006
000972 000006
000973 000002
000974 000004
000975 000003
000976 000002
000977 000004
000978 000009
000979 000007
000980 000004
000981 000010
000982 000007
000983 000004
000984 000005
000985 000007
000986 000005
000987 000006
000988 000005
000989 000008
000990 000006
000991 000001
000992 000004
000993 000002
000994 000004
000995 000004
000996 000002
000997 000002
000998 000002
000999 000006
001000 000003
001001 000004
001002 000001
001003 000003
001004 000007
001005 000003
001006 000007
001007 000005
001008 000002
001009 000005
001012 000003
001014 000001
001015 000002
001017 000001
001018 000003
001019 000006
001021 000003
001022 000002
001023 000002
001024 000001
001025 000004
001026 000002
001028 000002
001029 000001
001030 000001
001031 000001
001032 000004
001034 000003
001035 000002
001036 000002
001037 000002
001038 000001
001039 000004
001042 000002
001043 000001
001044 000003
001045 000002
001046 000001
001047 000003
001048 000001
001049 000005
001050 000002
001051 000003
001052 000002
001053 000002
001054 000001
001056 000003
001057 000001
001058 000003
001059 000002
001060 000002
001061 000001
001063 000002
001064 000001
001065 000001
001067 000003
001068 000002
001069 000003
001070 000001
001071 000001
001072 000001
001073 000001
001074 000001
001075 000003
001076 000003
001077 000001
001078 000004
001079 000002
001080 000001
001083 000002
001084 000001
001086 000001
001087 000002
001088 000001
001089 000004
001090 000002
001091 000003
001092 000002
001095 000002
001098 000002
001100 000001
001101 000003
001102 000003
001103 000002
001104 000001
001105 000002
001106 000002
001108 000002
001109 000004
001110 000004
001111 000005
001112 000001
001113 000003
001114 000002
001116 000002
001117 000001
001118 000002
001119 000001
001120 000003
001121 000002
001122 000001
001123 000001
001125 000002
001126 000001
001127 000002
001128 000003
001129 000002
001130 000005
001131 000003
001132 000004
001133 000002
001134 000001
001135 000001
001136 000002
001138 000003
001139 000002
001140 000002
001141 000002
001142 000005
001144 000002
001145 000003
001146 000001
001147 000004
001148 000003
001149 000001
001150 000003
001151 000002
001153 000002
001154 000003
001156 000001
001157 000001
001158 000002
001159 000001
001160 000001
001161 000001
001164 000001
001165 000001
001166 000001
001168 000001
001170 000001
001171 000001
001172 000001
001173 000003
001175 000002
001176 000001
001177 000003
001178 000001
001180 000001
001182 000003
001184 000003
001186 000002
001187 000001
001188 000001
001189 000001
001190 000003
001191 000002
001192 000002
001193 000001
001197 000002
001198 000003
001199 000001
001201 000002
001202 000001
001204 000001
001206 000001
001207 000001
001208 000002
001211 000003
001214 000001
001215 000002
001216 000001
001218 000001
001219 000002
001221 000002
001224 000001
001226 000001
001227 000001
001229 000001
001231 000003
001232 000003
001233 000002
001234 000002
001235 000001
001236 000001
001241 000002
001242 000002
001243 000003
001244 000005
001245 000002
001246 000001
001247 000004
001248 000001
001249 000002
001250 000003
001251 000001
001252 000003
001253 000006
001254 000002
001255 000005
001256 000003
001257 000001
001258 000001
001259 000004
001260 000004
001261 000004
001262 000003
001263 000004
001264 000002
001265 000003
001266 000005
001267 000004
001268 000005
001269 000006
001270 000004
001271 000003
001272 000005
001273 000003
001274 000006
001275 000003
001276 000004
001277 000004
001278 000005
001279 000007
001280 000004
001281 000005
001282 000006
001283 000006
001284 000008
001285 000003
001286 000005
001287 000005
001288 000002
001289 000004
001290 000003
001291 000007
001292 000006
001293 000005
001294 000005
001295 000002
001296 000005
001297 000006
001298 000005
001299 000006
001300 000003
001301 000005
001302 000002
001303 000008
001304 000007
001305 000004
001306 000002
001307 000003
001308 000005
001309 000003
001311 000005
001312 000004
001313 000003
001314 000002
001315 000007
001316 000006
001317 000002
001318 000001
001319 000004
001320 000003
001322 000003
001323 000001
001324 000002
001325 000006
001326 000002
001327 000001
001328 000002
001329 000003
001330 000005
001331 000002
001332 000003
001333 000005
001334 000003
001335 000002
001336 000001
001337 000002
001338 000002
001339 000003
001340 000002
001341 000004
001342 000001
001344 000002
001345 000004
001347 000002
001348 000001
001351 000003
001352 000001
001353 000002
001354 000001
001355 000003
001356 000003
001357 000003
001358 000002
001359 000002
001360 000001
001361 000004
001362 000001
001367 000001
001368 000002
001370 000001
001371 000003
001372 000001
001373 000001
001374 000003
001375 000001
001376 000001
001377 000001
001378 000001
001381 000001
001382 000001
001387 000002
001388 000002
001389 000001
001390 000001
001392 000001
001396 000003
001397 000001
001400 000003
001401 000002
001402 000001
001403 000002
001404 000002
001405 000003
001408 000001
001414 000001
001416 000001
001417 000001
001418 000001
001420 000001
001426 000001
001427 000001
001429 000001
001431 000002
001432 000001
001435 000002
001436 000001
001437 000002
001438 000001
001439 000003
001440 000001
001441 000001
001442 000002
001443 000001
001444 000001
001446 000003
001447 000001
001453 000002
001454 000001
001455 000003
001458 000003
001459 000002
001461 000003
001462 000002
001463 000001
001464 000003
001467 000004
001471 000001
001474 000002
001475 000002
001476 000002
001477 000003
001479 000001
001483 000001
001486 000001
001487 000001
001489 000001
001491 000001
001492 000001
001494 000001
001495 000001
001496 000001
001498 000001
001504 000001
001506 000001
001509 000001
001510 000002
001511 000001
001512 000001
001519 000001
001521 000001
001522 000001
001527 000001
001528 000001
001530 000001
001531 000003
001535 000001
001537 000001
001538 000001
001540 000003
001543 000002
001545 000001
001547 000001
001548 000001
001552 000001
001554 000001
001556 000001
001559 000001
001561 000001
001570 000001
001580 000001
001591 000001
001592 000001
001593 000001
001596 000001
001600 000001
001602 000002
001607 000001
001615 000001
001618 000001
001623 000001
001624 000001
001629 000001
001639 000001
001641 000001
001644 000001
001654 000001
001666 000001
001670 000001
001682 000001
001691 000001
001692 000001
001696 000001
001704 000001
001731 000001
001752 000001
001760 000001
001770 000001
001792 000001
001813 000001
001814 000001
001849 000001
001875 000001
001882 000001
001884 000001
001897 000001
001901 000001
001904 000001
001921 000001
002068 000001
002093 000001
002100 000001
002101 000001
002119 000001
002122 000001
002124 000001
002133 000002
002136 000001
002139 000001
002144 000002
002148 000001
002149 000001
002152 000001
002154 000001
002156 000001
002158 000001
002160 000001
002185 000001
002193 000001
002196 000001
002203 000001
002227 000001
002232 000001
002242 000001
002243 000001
002251 000001
002253 000001
002254 000002
002256 000001
002258 000001
002260 000001
002262 000001
002263 000001
002264 000002
002265 000001
002268 000001
002269 000001
002270 000001
002271 000001
002272 000001
002273 000002
002274 000001
002279 000001
002305 000001
002310 000001
002312 000001
002313 000001
002316 000001
002341 000001
002360 000001
002375 000001
002378 000001
002381 000001
002396 000001
002408 000001
002411 000001
002412 000001
002427 000001
002455 000001
002466 000001
002481 000001
002488 000001
002496 000001
002505 000001
002545 000001
002583 000001
002720 000001
002810 000001
002844 000001
002879 000001
003064 000001
003101 000001
003114 000001
003119 000001
003132 000001
003133 000001
003134 000001
003137 000001
003142 000001
003146 000001
003149 000001
003151 000001
003153 000001
003164 000002
003166 000001
003233 000001
003234 000001
003312 000001
003352 000001
003383 000001
003396 000001
003426 000001
003485 000001
003578 000001
003679 000001
003708 000001
003813 000001
003982 000001
004083 000001
004098 000001
004106 000001
004125 000001
004126 000001
004128 000002
004142 000002
004143 000002
004144 000001
004146 000001
004148 000002
004157 000001
004189 000001
004190 000001
004198 000001
004209 000001
004231 000002
004246 000001
004255 000001
004257 000002
004260 000001
004262 000001
004270 000001
004271 000001
004273 000001
004274 000001
004275 000001
004278 000001
004279 000001
004285 000001
004289 000001
004298 000001
004299 000001
004306 000001
004318 000001
004321 000001
004351 000001
004355 000001
004383 000001
004392 000001
004417 000001
004418 000001
004455 000001
004514 000001
004515 000001
004622 000001
004702 000001
005103 000001
005107 000001
005111 000001
005118 000001
005120 000001
005123 000001
005132 000002
005137 000001
005143 000001
005144 000001
005146 000001
005153 000001
005170 000001
005181 000001
005184 000001
005190 000001
005197 000001
005218 000001
005222 000001
005235 000002
005238 000001
005253 000001
005260 000001
005272 000001
005289 000001
005297 000001
005298 000001
005313 000001
005325 000001
005341 000001
005397 000001
005727 000001
005738 000001
005807 000001
005831 000001
005861 000001
006106 000002
006113 000001
006117 000001
006121 000001
006124 000001
006131 000001
006132 000002
006133 000001
006134 000001
006136 000001
006158 000001
006163 000001
006169 000001
006171 000001
006173 000001
006175 000001
006178 000001
006189 000001
006195 000001
006202 000001
006213 000001
006239 000001
006248 000001
006251 000001
006252 000001
006258 000001
006268 000001
006274 000001
006276 000001
006287 000002
006290 000001
006292 000001
006296 000001
006315 000001
006323 000001
006339 000001
006345 000001
006353 000001
006363 000001
006367 000001
006381 000001
006401 000001
006405 000001
006408 000001
006418 000001
006428 000001
006457 000001
006496 000001
006537 000001
006617 000001
006855 000001
007082 000001
007117 000001
007118 000001
007120 000001
007121 000001
007124 000001
007140 000001
007146 000001
007149 000002
007156 000001
007157 000001
007165 000001
007175 000001
007182 000001
007184 000001
007190 000001
007204 000001
007207 000001
007232 000001
007255 000001
007256 000001
007257 000002
007270 000001
007283 000001
007289 000001
007292 000001
007308 000001
007309 000001
007321 000001
007340 000001
007345 000001
007410 000001
007421 000001
007436 000001
007445 000001
007499 000001
008101 000001
008146 000001
008159 000001
008160 000001
008171 000001
008177 000002
008214 000001
008224 000001
008227 000001
008241 000001
008250 000001
008255 000001
008256 000001
008261 000001
008265 000001
008266 000001
008268 000001
008269 000001
008271 000001
008280 000001
008284 000001
008285 000001
008290 000001
008292 000001
008302 000001
008307 000001
008308 000001
008319 000001
008324 000001
008340 000001
008370 000001
008394 000001
008401 000001
008410 000001
008720 000001
008816 000001
009150 000001
009155 000001
009156 000001
009169 000002
009176 000001
009183 000001
009185 000001
009198 000001
009215 000001
009234 000001
009247 000001
009262 000001
009263 000001
009264 000001
009272 000001
009273 000002
009275 000001
009276 000002
009279 000001
009281 000002
009286 000001
009287 000001
009288 000001
009298 000001
009305 000001
009311 000001
009318 000001
009340 000001
009344 000001
009364 000001
009414 000001
009416 000001
009508 000001
009524 000001
009579 000001
009639 000001
009972 000001
010068 000001
010135 000001
010150 000001
010156 000001
010164 000001
010167 000001
010174 000001
010176 000001
010199 000001
010202 000001
010204 000001
010205 000001
010207 000001
010214 000001
010217 000001
010218 000003
010221 000001
010222 000001
010225 000001
010226 000002
010228 000003
010229 000001
010230 000002
010231 000001
010232 000002
010235 000001
010236 000002
010237 000003
010240 000001
010242 000001
010243 000002
010244 000001
010245 000002
010246 000002
010248 000001
010250 000001
010252 000001
010253 000001
010254 000001
010255 000001
010258 000001
010259 000001
010260 000001
010261 000001
010263 000001
010264 000002
010265 000002
010267 000002
010268 000002
010270 000001
010271 000002
010272 000002
010273 000001
010275 000001
010276 000002
010277 000001
010278 000004
010279 000001
010280 000003
010281 000004
010282 000001
010283 000002
010284 000002
010285 000001
010286 000002
010287 000002
010288 000001
010289 000002
010291 000001
010292 000001
010293 000001
010294 000001
010295 000001
010296 000001
010298 000001
010300 000001
010301 000001
010302 000001
010303 000001
010305 000001
010306 000001
010308 000001
010310 000004
010311 000001
010312 000003
010314 000001
010315 000001
010317 000001
010320 000001
010321 000001
010322 000001
010325 000001
010328 000001
010329 000001
010336 000001
010339 000001
010340 000001
010352 000001
010355 000001
010361 000001
010363 000001
010364 000003
010366 000001
010379 000001
010382 000001
010383 000001
010388 000002
010392 000001
010393 000002
010394 000001
010395 000001
010397 000001
010410 000001
010414 000001
010416 000001
010420 000001
010424 000001
010430 000001
010445 000001
010460 000001
010461 000001
010493 000001
010499 000001
010514 000001
010649 000001
010682 000001
# Min Latencies: 00157
# Avg Latencies: 00601
# Max Latencies: 304620
# Histogram Overflows: 00012
# Histogram Overflow at cycle number:
# Thread 0: 00872 01366 03626 07187 07436 07714 07990 08274 08547 08829 10326 12626

RT_CYCLICTEST_TIMING_END uptime_s=158.63
RT_CYCLICTEST_COMPLETE
RT_CPUSTAT sample=0 cpu=cpu0 user=5 nice=0 system=216 idle=2474 iowait=0 irq=19 softirq=2 steal=0
RT_CPUSTAT sample=0 cpu=cpu1 user=0 nice=0 system=2 idle=2842 iowait=0 irq=5 softirq=0 steal=0
RT_CPUSTAT sample=1 cpu=cpu0 user=5 nice=0 system=218 idle=2972 iowait=0 irq=20 softirq=2 steal=0
RT_CPUSTAT sample=1 cpu=cpu1 user=2 nice=0 system=12 idle=3197 iowait=0 irq=81 softirq=0 steal=0
RT_CPUSTAT sample=2 cpu=cpu0 user=5 nice=0 system=219 idle=3469 iowait=0 irq=21 softirq=2 steal=0
RT_CPUSTAT sample=2 cpu=cpu1 user=4 nice=0 system=18 idle=3582 iowait=0 irq=160 softirq=0 steal=0
RT_CPUSTAT sample=3 cpu=cpu0 user=5 nice=0 system=221 idle=3967 iowait=0 irq=22 softirq=2 steal=0
RT_CPUSTAT sample=3 cpu=cpu1 user=5 nice=0 system=23 idle=3982 iowait=0 irq=228 softirq=0 steal=0
RT_CPUSTAT sample=4 cpu=cpu0 user=5 nice=0 system=223 idle=4463 iowait=0 irq=23 softirq=2 steal=0
RT_CPUSTAT sample=4 cpu=cpu1 user=8 nice=0 system=29 idle=4355 iowait=0 irq=315 softirq=0 steal=0
RT_CPUSTAT sample=5 cpu=cpu0 user=5 nice=0 system=224 idle=4962 iowait=0 irq=24 softirq=3 steal=0
RT_CPUSTAT sample=5 cpu=cpu1 user=10 nice=0 system=39 idle=4721 iowait=0 irq=408 softirq=0 steal=0
RT_CPUSTAT sample=6 cpu=cpu0 user=6 nice=0 system=226 idle=5459 iowait=0 irq=25 softirq=3 steal=0
RT_CPUSTAT sample=6 cpu=cpu1 user=12 nice=0 system=42 idle=5088 iowait=0 irq=498 softirq=0 steal=0
RT_CPUSTAT sample=7 cpu=cpu0 user=6 nice=0 system=226 idle=5958 iowait=0 irq=26 softirq=3 steal=0
RT_CPUSTAT sample=7 cpu=cpu1 user=13 nice=0 system=51 idle=5450 iowait=0 irq=591 softirq=0 steal=0
RT_CPUSTAT sample=8 cpu=cpu0 user=7 nice=0 system=228 idle=6455 iowait=0 irq=27 softirq=3 steal=0
RT_CPUSTAT sample=8 cpu=cpu1 user=17 nice=0 system=57 idle=5817 iowait=0 irq=683 softirq=1 steal=0
RT_CPUSTAT sample=9 cpu=cpu0 user=7 nice=0 system=229 idle=6954 iowait=0 irq=28 softirq=3 steal=0
RT_CPUSTAT sample=9 cpu=cpu1 user=20 nice=0 system=64 idle=6184 iowait=0 irq=774 softirq=1 steal=0
RT_CPUSTAT sample=10 cpu=cpu0 user=7 nice=0 system=230 idle=7451 iowait=0 irq=29 softirq=3 steal=0
RT_CPUSTAT sample=10 cpu=cpu1 user=22 nice=0 system=71 idle=6549 iowait=0 irq=865 softirq=1 steal=0
RT_CPUSTAT sample=11 cpu=cpu0 user=7 nice=0 system=231 idle=7950 iowait=0 irq=30 softirq=4 steal=0
RT_CPUSTAT sample=11 cpu=cpu1 user=23 nice=0 system=80 idle=6916 iowait=0 irq=958 softirq=1 steal=0
RT_CPUSTAT sample=12 cpu=cpu0 user=8 nice=0 system=233 idle=8448 iowait=0 irq=31 softirq=4 steal=0
RT_CPUSTAT sample=12 cpu=cpu1 user=26 nice=0 system=86 idle=7285 iowait=0 irq=1046 softirq=1 steal=0
RT_CPUSTAT sample=13 cpu=cpu0 user=8 nice=0 system=233 idle=8947 iowait=0 irq=32 softirq=4 steal=0
RT_CPUSTAT sample=13 cpu=cpu1 user=26 nice=0 system=90 idle=7653 iowait=0 irq=1135 softirq=1 steal=0
RT_CPUSTAT sample=14 cpu=cpu0 user=9 nice=0 system=234 idle=9444 iowait=0 irq=33 softirq=4 steal=0
RT_CPUSTAT sample=14 cpu=cpu1 user=27 nice=0 system=99 idle=8020 iowait=0 irq=1228 softirq=1 steal=0
RT_CPUSTAT sample=15 cpu=cpu0 user=9 nice=0 system=235 idle=9943 iowait=0 irq=34 softirq=4 steal=0
RT_CPUSTAT sample=15 cpu=cpu1 user=29 nice=0 system=106 idle=8384 iowait=0 irq=1321 softirq=2 steal=0
RT_CPUSTAT sample=16 cpu=cpu0 user=9 nice=0 system=237 idle=10440 iowait=0 irq=35 softirq=4 steal=0
RT_CPUSTAT sample=16 cpu=cpu1 user=31 nice=0 system=110 idle=8751 iowait=0 irq=1412 softirq=2 steal=0
RT_CPUSTAT sample=17 cpu=cpu0 user=9 nice=0 system=238 idle=10939 iowait=0 irq=36 softirq=5 steal=0
RT_CPUSTAT sample=17 cpu=cpu1 user=34 nice=0 system=118 idle=9117 iowait=0 irq=1503 softirq=2 steal=0
RT_CPUSTAT sample=18 cpu=cpu0 user=9 nice=0 system=239 idle=11436 iowait=0 irq=37 softirq=5 steal=0
RT_CPUSTAT sample=18 cpu=cpu1 user=35 nice=0 system=122 idle=9484 iowait=0 irq=1594 softirq=2 steal=0
RT_CPUSTAT sample=19 cpu=cpu0 user=9 nice=0 system=240 idle=11935 iowait=0 irq=38 softirq=5 steal=0
RT_CPUSTAT sample=19 cpu=cpu1 user=36 nice=0 system=126 idle=9854 iowait=0 irq=1680 softirq=2 steal=0
RT_CPUSTAT sample=20 cpu=cpu0 user=10 nice=0 system=242 idle=12433 iowait=0 irq=39 softirq=5 steal=0
RT_CPUSTAT sample=20 cpu=cpu1 user=37 nice=0 system=130 idle=10223 iowait=0 irq=1770 softirq=2 steal=0
RT_CPUSTAT sample=21 cpu=cpu0 user=10 nice=0 system=243 idle=12932 iowait=0 irq=40 softirq=5 steal=0
RT_CPUSTAT sample=21 cpu=cpu1 user=38 nice=0 system=134 idle=10588 iowait=0 irq=1862 softirq=2 steal=0
RT_CPUSTAT sample=22 cpu=cpu0 user=10 nice=0 system=244 idle=13429 iowait=0 irq=41 softirq=6 steal=0
RT_CPUSTAT sample=22 cpu=cpu1 user=41 nice=0 system=140 idle=10954 iowait=0 irq=1953 softirq=3 steal=0
RT_CPUSTAT sample=23 cpu=cpu0 user=10 nice=0 system=246 idle=13928 iowait=0 irq=42 softirq=6 steal=0
RT_CPUSTAT sample=23 cpu=cpu1 user=43 nice=0 system=149 idle=11322 iowait=0 irq=2043 softirq=3 steal=0
RT_CPUSTAT sample=24 cpu=cpu0 user=10 nice=0 system=253 idle=14411 iowait=0 irq=44 softirq=6 steal=0
RT_CPUSTAT sample=24 cpu=cpu1 user=46 nice=0 system=157 idle=11706 iowait=0 irq=2130 softirq=3 steal=0
RT_CPUSTAT sample=25 cpu=cpu0 user=11 nice=0 system=512 idle=14411 iowait=0 irq=61 softirq=6 steal=0
RT_CPUSTAT sample=25 cpu=cpu1 user=46 nice=0 system=157 idle=12209 iowait=0 irq=2130 softirq=3 steal=0
RT_INIT_DONE scenario=idle
[  164.609002] reboot: Power down
[37m[168.096809 2:17 axvm::runtime::hvc:352] [33mVM[1] PSCI_SYSTEM_OFF[m
[m[37m[168.097038 2:17 axvm::vm:1360] [32mStopping VM[1]: SystemDown[m
[m
[37m[168.097489 2:17 axvm::runtime::vcpus:773] [33mVM[1] VCpu[0] stopping because of VM stopping[m[Axvisor] VM[1] stopped; returning to the management shell
[m[37m[168.097569 3:22 axvm::runtime::vcpus:773] [33mVM[1] VCpu[1] stopping because of VM stopping[m

[m[37m[168.377771 2:17 axvm::runtime::vcpus:811] [32mVM[1] VCpu[0] exiting...[m
[2Kaxvisor:$ 
[m[37m[168.377851 3:22 axvm::runtime::vcpus:780] [32mVM[1] VCpu[1] last VCpu exiting, decreasing running VM count[m
[m[37m[168.378770 3:22 axvm::runtime::vcpus:790] [32mVM[1] state changed to Stopped[m
[m[37m[168.378982 3:22 axvm::runtime::vcpus:811] [32mVM[1] VCpu[1] exiting...[m
[m
[2Kaxvisor:$ v
[2Kaxvisor:$ vm
[2Kaxvisor:$ vme
[2Kaxvisor:$ vmex
[2Kaxvisor:$ vmexi
[2Kaxvisor:$ vmexit
[2Kaxvisor:$ vmexit 
[2Kaxvisor:$ vmexit s
[2Kaxvisor:$ vmexit st
[2Kaxvisor:$ vmexit sta
[2Kaxvisor:$ vmexit stat

--- linux-final ---
VM-exit counters per physical CPU (12 reasons):
  cpu         irq     timer      mmio       wfi   hvc-smc    sysreg    gic-if       sgi    cpu-up  sys-down   nothing     other
    1       17320     16767     77705     16768         -         -         -         -         -         -         -         -
    2    4067@23.9/s  3175@19.4/s 98551@562.7/s123597@924.8/s     8@0.0/s         -         -   128@0.0/s         -         -        11         -
    3  121978@913.5/s118276@886.0/s        52114848@855.1/s         -         -         -   186@1.3/s         -         -         2         -
Host periodic scheduler ticks (event-driven timer IRQs excluded):
  cpu   0:      15766 (95.338/s)
  cpu   1:      15771 (95.346/s)
  cpu   2:      15767 (95.346/s)
  cpu   3:      15766 (95.329/s)
axvisor:$ rt_experiment end_ns=1786787777447561924 elapsed_ms=178866
