VM-exit counters per physical CPU (12 reasons):
  cpu         irq     timer      mmio       wfi   hvc-smc    sysreg    gic-if       sgi    cpu-up  sys-down   nothing     other
    1   17026@149.3/s 16869@140.2/s 78009@2643.5/s 16869@140.3/s         -         -         -         -         -         -         -         -
    2    4915@283.3/s  3420@196.3/s 31254@4.7/s       132         7         -         -       116         -         -        11         -
    3   12081@861.2/s 11125@794.3/s        52 11490@750.5/s         -         -         -    21@0.1/s         -         -         2         -
Host periodic scheduler ticks (event-driven timer IRQs excluded):
  cpu   0:       4241 (78.810/s)
  cpu   1:       4242 (78.974/s)
  cpu   2:       4241 (78.974/s)
  cpu   3:       4239 (78.892/s)
axvisor:$ 
[2Kaxvisor:$ v
[2Kaxvisor:$ vm
[2Kaxvisor:$ vm 
[2Kaxvisor:$ vm c
[2Kaxvisor:$ vm co
[2Kaxvisor:$ vm con
[2Kaxvisor:$ vm cons
[2Kaxvisor:$ vm conso
[2Kaxvisor:$ vm consol
[2Kaxvisor:$ vm console
[2Kaxvisor:$ vm console 
[2Kaxvisor:$ vm console 1
✓ Attached VM[1] console; use Ctrl+X, then h to return to the shell
RT_PROGRESS uptime_s=39.18
[   46.637558] random: crng init done
RT_PROGRESS uptime_s=49.25
RT_PROGRESS uptime_s=59.27
RT_PROGRESS uptime_s=69.30
RT_PROGRESS uptime_s=79.33
RT_PROGRESS uptime_s=89.35
RT_PROGRESS uptime_s=99.38
RT_PROGRESS uptime_s=109.40
RT_PROGRESS uptime_s=119.42
RT_PROGRESS uptime_s=129.44
RT_PROGRESS uptime_s=139.47
WARN: stat /dev/cpu_dma_latency failed: No such file or directory
# Histogram
000164 000001
000171 000001
000172 000001
000173 000002
000174 000001
000175 000002
000176 000001
000177 000003
000178 000003
000179 000003
000180 000005
000181 000006
000182 000006
000183 000003
000184 000003
000185 000010
000186 000005
000187 000007
000188 000005
000189 000003
000190 000005
000191 000004
000192 000011
000193 000010
000194 000004
000195 000003
000196 000004
000197 000003
000198 000005
000199 000007
000200 000005
000201 000003
000202 000008
000203 000003
000204 000006
000205 000003
000206 000005
000207 000003
000208 000008
000209 000005
000210 000002
000211 000005
000212 000011
000213 000007
000214 000003
000215 000007
000216 000005
000217 000001
000218 000010
000219 000007
000220 000009
000221 000003
000222 000006
000223 000003
000224 000009
000225 000009
000226 000007
000227 000006
000228 000009
000229 000008
000230 000007
000231 000002
000232 000007
000233 000007
000234 000004
000235 000003
000236 000008
000237 000006
000238 000005
000239 000004
000240 000007
000241 000002
000242 000007
000243 000005
000244 000002
000245 000003
000246 000004
000247 000008
000248 000010
000249 000009
000250 000006
000251 000004
000252 000008
000253 000007
000254 000007
000255 000009
000256 000008
000257 000010
000258 000012
000259 000010
000260 000009
000261 000003
000262 000002
000263 000003
000264 000001
000265 000003
000266 000001
000267 000006
000268 000005
000269 000001
000270 000006
000271 000006
000272 000005
000273 000003
000274 000002
000275 000007
000276 000001
000277 000003
000279 000005
000280 000006
000281 000005
000282 000009
000283 000007
000284 000003
000285 000003
000286 000005
000287 000005
000288 000006
000289 000004
000290 000004
000291 000007
000292 000003
000293 000002
000294 000006
000295 000003
000296 000002
000298 000002
000299 000005
000300 000004
000301 000002
000302 000003
000303 000003
000304 000002
000305 000005
000306 000007
000307 000001
000308 000007
000309 000005
000310 000002
000311 000006
000312 000003
000313 000005
000314 000002
000315 000003
000316 000004
000317 000001
000318 000003
000319 000002
000320 000003
000321 000007
000322 000004
000323 000003
000324 000004
000325 000002
000326 000009
000327 000007
000328 000008
000329 000008
000330 000006
000331 000010
000332 000005
000333 000013
000334 000016
000335 000016
000336 000013
000337 000014
000338 000019
000339 000016
000340 000022
000341 000033
000342 000027
000343 000018
000344 000024
000345 000026
000346 000020
000347 000022
000348 000027
000349 000032
000350 000031
000351 000031
000352 000037
000353 000021
000354 000027
000355 000032
000356 000027
000357 000037
000358 000034
000359 000039
000360 000025
000361 000019
000362 000031
000363 000044
000364 000030
000365 000028
000366 000030
000367 000023
000368 000035
000369 000028
000370 000025
000371 000023
000372 000025
000373 000027
000374 000030
000375 000024
000376 000024
000377 000027
000378 000026
000379 000031
000380 000025
000381 000028
000382 000025
000383 000021
000384 000024
000385 000032
000386 000031
000387 000027
000388 000022
000389 000024
000390 000019
000391 000028
000392 000033
000393 000024
000394 000027
000395 000022
000396 000024
000397 000023
000398 000031
000399 000038
000400 000036
000401 000032
000402 000028
000403 000025
000404 000030
000405 000029
000406 000026
000407 000039
000408 000031
000409 000028
000410 000033
000411 000031
000412 000027
000413 000034
000414 000034
000415 000022
000416 000030
000417 000043
000418 000030
000419 000035
000420 000037
000421 000042
000422 000037
000423 000030
000424 000026
000425 000037
000426 000030
000427 000031
000428 000040
000429 000039
000430 000041
000431 000048
000432 000043
000433 000044
000434 000050
000435 000074
000436 000064
000437 000067
000438 000068
000439 000093
000440 000092
000441 000092
000442 000112
000443 000099
000444 000140
000445 000133
000446 000157
000447 000175
000448 000161
000449 000186
000450 000187
000451 000211
000452 000216
000453 000284
000454 000269
000455 000273
000456 000299
000457 000357
000458 000383
000459 000403
000460 000408
000461 000416
000462 000397
000463 000446
000464 000465
000465 000420
000466 000453
000467 000436
000468 000457
000469 000461
000470 000446
000471 000497
000472 000461
000473 000470
000474 000462
000475 000478
000476 000500
000477 000481
000478 000488
000479 000519
000480 000569
000481 000552
000482 000513
000483 000562
000484 000586
000485 000587
000486 000596
000487 000611
000488 000657
000489 000678
000490 000731
000491 000781
000492 000784
000493 000792
000494 000801
000495 000785
000496 000900
000497 000963
000498 000959
000499 000995
000500 001035
000501 001078
000502 001069
000503 001081
000504 001121
000505 001199
000506 001163
000507 001137
000508 001190
000509 001241
000510 001250
000511 001244
000512 001291
000513 001215
000514 001180
000515 001162
000516 001197
000517 001219
000518 001196
000519 001216
000520 001264
000521 001270
000522 001265
000523 001339
000524 001312
000525 001251
000526 001300
000527 001205
000528 001142
000529 001255
000530 001162
000531 001089
000532 001065
000533 001057
000534 001032
000535 000972
000536 000950
000537 001049
000538 000939
000539 000921
000540 000757
000541 000752
000542 000732
000543 000738
000544 000727
000545 000625
000546 000591
000547 000538
000548 000516
000549 000506
000550 000479
000551 000422
000552 000430
000553 000427
000554 000395
000555 000403
000556 000338
000557 000348
000558 000334
000559 000308
000560 000284
000561 000285
000562 000302
000563 000295
000564 000270
000565 000262
000566 000248
000567 000267
000568 000243
000569 000216
000570 000234
000571 000219
000572 000207
000573 000215
000574 000222
000575 000207
000576 000176
000577 000195
000578 000159
000579 000168
000580 000174
000581 000163
000582 000197
000583 000178
000584 000168
000585 000146
000586 000141
000587 000129
000588 000152
000589 000156
000590 000146
000591 000150
000592 000143
000593 000147
000594 000131
000595 000135
000596 000120
000597 000124
000598 000139
000599 000137
000600 000110
000601 000097
000602 000126
000603 000137
000604 000112
000605 000099
000606 000113
000607 000089
000608 000097
000609 000096
000610 000085
000611 000089
000612 000097
000613 000084
000614 000114
000615 000087
000616 000078
000617 000074
000618 000092
000619 000076
000620 000101
000621 000109
000622 000106
000623 000089
000624 000084
000625 000106
000626 000100
000627 000086
000628 000109
000629 000091
000630 000101
000631 000085
000632 000098
000633 000099
000634 000105
000635 000091
000636 000105
000637 000104
000638 000131
000639 000101
000640 000106
000641 000100
000642 000123
000643 000113
000644 000108
000645 000126
000646 000101
000647 000088
000648 000096
000649 000110
000650 000100
000651 000084
000652 000113
000653 000095
000654 000098
000655 000095
000656 000105
000657 000105
000658 000106
000659 000117
000660 000113
000661 000129
000662 000110
000663 000108
000664 000119
000665 000113
000666 000119
000667 000113
000668 000131
000669 000121
000670 000104
000671 000100
000672 000100
000673 000096
000674 000091
000675 000102
000676 000125
000677 000120
000678 000120
000679 000118
000680 000113
000681 000106
000682 000114
000683 000103
000684 000124
000685 000142
000686 000149
000687 000164
000688 000149
000689 000128
000690 000151
000691 000139
000692 000152
000693 000128
000694 000128
000695 000131
000696 000134
000697 000094
000698 000116
000699 000108
000700 000084
000701 000077
000702 000088
000703 000082
000704 000088
000705 000088
000706 000074
000707 000072
000708 000061
000709 000087
000710 000070
000711 000069
000712 000074
000713 000082
000714 000061
000715 000050
000716 000049
000717 000045
000718 000056
000719 000057
000720 000045
000721 000054
000722 000048
000723 000044
000724 000045
000725 000045
000726 000049
000727 000026
000728 000037
000729 000045
000730 000051
000731 000033
000732 000037
000733 000036
000734 000038
000735 000035
000736 000036
000737 000038
000738 000037
000739 000030
000740 000035
000741 000024
000742 000020
000743 000024
000744 000020
000745 000037
000746 000027
000747 000021
000748 000025
000749 000027
000750 000014
000751 000019
000752 000025
000753 000023
000754 000018
000755 000020
000756 000024
000757 000020
000758 000025
000759 000032
000760 000023
000761 000025
000762 000023
000763 000023
000764 000018
000765 000011
000766 000024
000767 000023
000768 000016
000769 000019
000770 000014
000771 000022
000772 000020
000773 000017
000774 000021
000775 000017
000776 000017
000777 000011
000778 000020
000779 000015
000780 000016
000781 000014
000782 000018
000783 000025
000784 000013
000785 000024
000786 000020
000787 000017
000788 000017
000789 000018
000790 000020
000791 000019
000792 000029
000793 000014
000794 000013
000795 000027
000796 000015
000797 000028
000798 000023
000799 000022
000800 000019
000801 000023
000802 000027
000803 000026
000804 000023
000805 000033
000806 000030
000807 000032
000808 000029
000809 000023
000810 000035
000811 000034
000812 000028
000813 000030
000814 000030
000815 000033
000816 000033
000817 000029
000818 000030
000819 000030
000820 000039
000821 000030
000822 000024
000823 000028
000824 000038
000825 000027
000826 000030
000827 000042
000828 000031
000829 000030
000830 000043
000831 000034
000832 000031
000833 000040
000834 000043
000835 000027
000836 000032
000837 000028
000838 000035
000839 000028
000840 000033
000841 000028
000842 000028
000843 000036
000844 000034
000845 000031
000846 000019
000847 000025
000848 000035
000849 000024
000850 000029
000851 000043
000852 000016
000853 000020
000854 000035
000855 000017
000856 000022
000857 000026
000858 000026
000859 000022
000860 000016
000861 000021
000862 000018
000863 000020
000864 000023
000865 000015
000866 000015
000867 000023
000868 000021
000869 000014
000870 000011
000871 000012
000872 000022
000873 000019
000874 000009
000875 000017
000876 000021
000877 000010
000878 000009
000879 000009
000880 000020
000881 000010
000882 000011
000883 000014
000884 000017
000885 000012
000886 000013
000887 000015
000888 000009
000889 000013
000890 000016
000891 000008
000892 000011
000893 000008
000894 000018
000895 000010
000896 000011
000897 000005
000898 000008
000899 000013
000900 000004
000901 000009
000902 000006
000903 000009
000904 000008
000905 000004
000906 000011
000907 000005
000908 000007
000909 000010
000910 000008
000911 000008
000912 000011
000913 000006
000914 000011
000915 000005
000916 000009
000917 000004
000918 000005
000919 000002
000920 000011
000921 000003
000922 000003
000923 000009
000924 000002
000925 000005
000926 000008
000927 000006
000928 000005
000929 000007
000930 000002
000931 000002
000932 000002
000933 000007
000934 000003
000935 000001
000936 000007
000938 000003
000939 000003
000940 000006
000941 000007
000942 000004
000943 000005
000944 000003
000945 000005
000946 000004
000947 000002
000948 000004
000949 000004
000950 000003
000951 000002
000952 000006
000953 000003
000954 000003
000955 000005
000956 000004
000957 000004
000958 000005
000959 000007
000960 000009
000961 000004
000962 000009
000963 000003
000964 000005
000965 000008
000966 000005
000968 000003
000969 000005
000970 000003
000971 000001
000972 000006
000973 000001
000974 000004
000975 000004
000976 000005
000977 000001
000978 000002
000979 000003
000980 000003
000981 000004
000982 000004
000983 000005
000984 000004
000985 000006
000986 000003
000987 000003
000988 000004
000989 000001
000990 000001
000991 000001
000992 000002
000993 000004
000994 000001
000995 000003
000996 000004
000997 000003
000998 000003
000999 000003
001000 000001
001001 000007
001002 000005
001003 000003
001004 000006
001005 000003
001006 000001
001007 000002
001009 000004
001010 000001
001011 000007
001012 000001
001013 000002
001014 000004
001015 000003
001016 000002
001017 000003
001018 000003
001019 000002
001020 000007
001021 000002
001022 000004
001023 000001
001024 000007
001025 000001
001026 000003
001027 000007
001028 000001
001029 000002
001030 000002
001031 000002
001032 000003
001033 000002
001035 000006
001037 000002
001038 000003
001039 000006
001040 000002
001041 000005
001042 000001
001043 000003
001044 000001
001046 000002
001048 000001
001049 000004
001050 000001
001051 000003
001052 000003
001054 000002
001055 000004
001056 000001
001057 000001
001058 000001
001059 000001
001060 000001
001061 000002
001062 000001
001064 000002
001065 000001
001066 000002
001067 000001
001069 000001
001070 000002
001072 000001
001074 000001
001075 000003
001076 000003
001079 000002
001080 000001
001082 000002
001083 000002
001087 000001
001088 000001
001091 000001
001092 000004
001094 000002
001095 000001
001096 000002
001097 000005
001101 000001
001102 000001
001104 000002
001105 000001
001106 000002
001107 000001
001108 000001
001109 000001
001112 000003
001115 000001
001118 000001
001119 000001
001120 000001
001121 000002
001122 000001
001125 000001
001126 000001
001132 000001
001133 000002
001135 000001
001138 000001
001143 000001
001145 000001
001150 000002
001151 000001
001156 000001
001157 000001
001165 000001
001166 000001
001167 000001
001168 000002
001175 000001
001181 000001
001187 000001
001191 000002
001193 000001
001194 000001
001195 000002
001196 000002
001197 000001
001198 000001
001210 000001
001216 000001
001223 000002
001224 000001
001228 000001
001233 000001
001239 000001
001244 000001
001249 000001
001251 000001
001254 000001
001259 000002
001264 000001
001273 000001
001287 000001
001288 000001
001291 000001
001294 000001
001306 000001
001323 000001
001326 000001
001331 000001
001336 000002
001343 000002
001348 000001
001349 000001
001350 000001
001355 000001
001356 000001
001358 000002
001362 000001
001365 000001
001367 000001
001368 000001
001370 000001
001371 000001
001376 000002
001377 000001
001378 000001
001385 000001
001389 000002
001390 000001
001395 000002
001398 000001
001399 000001
001403 000002
001404 000001
001408 000001
001412 000001
001413 000001
001415 000001
001417 000001
001423 000001
001429 000001
001436 000001
001440 000001
001441 000001
001442 000001
001451 000001
001452 000001
001462 000001
001463 000002
001467 000001
001472 000001
001474 000001
001478 000001
001489 000001
001490 000001
001492 000001
001496 000001
001498 000001
001499 000001
001500 000001
001503 000002
001504 000003
001510 000001
001511 000001
001513 000001
001514 000001
001516 000001
001519 000001
001521 000003
001522 000001
001524 000001
001526 000001
001527 000001
001529 000001
001532 000001
001536 000001
001537 000002
001538 000001
001544 000001
001545 000001
001549 000001
001552 000001
001560 000001
001564 000001
001568 000001
001581 000001
001586 000001
001589 000001
001605 000001
001614 000001
001617 000001
001623 000001
001641 000001
001661 000001
001678 000001
001684 000001
001686 000001
001697 000001
001698 000001
001700 000001
001701 000001
001705 000002
001709 000001
001730 000001
001733 000002
001764 000001
001775 000001
001780 000001
001781 000001
001833 000001
001841 000001
001846 000001
001850 000001
001852 000001
001866 000001
001891 000001
001892 000001
001897 000001
001900 000001
001904 000001
001913 000001
001919 000001
001953 000001
001987 000001
002004 000001
002008 000002
002013 000001
002016 000001
002031 000001
002038 000001
002061 000001
002093 000001
002148 000001
002149 000001
002177 000001
002200 000001
002216 000001
002282 000001
002295 000001
002320 000001
002338 000001
002350 000001
002359 000001
002375 000001
002405 000001
002412 000001
002431 000001
002432 000001
002439 000001
002446 000001
002465 000001
002470 000001
002477 000001
002503 000001
002504 000001
002529 000001
002536 000001
002537 000001
002569 000001
002603 000001
002664 000001
002747 000001
002970 000001
003033 000001
003043 000001
003071 000001
003105 000002
003108 000001
003121 000001
003135 000001
003158 000001
003161 000001
003195 000001
003206 000001
003214 000001
003217 000001
003257 000001
003284 000001
003288 000001
003354 000001
003370 000001
003376 000001
003411 000001
003464 000001
003472 000001
003482 000001
003483 000001
003484 000001
003498 000001
003525 000001
003543 000001
003567 000001
003772 000001
003876 000001
003931 000001
003938 000001
004023 000001
004046 000001
004050 000001
004059 000001
004062 000001
004102 000001
004132 000001
004139 000001
004146 000001
004151 000001
004158 000001
004159 000001
004160 000002
004161 000001
004163 000001
004169 000001
004177 000001
004180 000001
004234 000001
004241 000001
004246 000001
004248 000001
004317 000001
004344 000001
004360 000001
004370 000001
004482 000001
004529 000001
004579 000001
005002 000001
005020 000001
005025 000001
005053 000001
005057 000001
005071 000001
005075 000001
005082 000001
005101 000001
005126 000001
005128 000001
005142 000001
005145 000001
005146 000001
005147 000001
005148 000001
005162 000001
005181 000001
005183 000001
005184 000001
005199 000001
005209 000001
005210 000001
005220 000001
005227 000001
005239 000001
005260 000001
005279 000001
005294 000001
005309 000001
005354 000001
005391 000001
005407 000001
005408 000001
005414 000001
005424 000001
005539 000001
005547 000001
005723 000001
006016 000001
006099 000001
006147 000001
006177 000001
006179 000001
006184 000001
006188 000001
006189 000001
006192 000001
006193 000001
006197 000001
006229 000001
006272 000001
006304 000001
006306 000001
006307 000001
006315 000001
006324 000001
006329 000001
006357 000001
006384 000001
006389 000001
006406 000001
006459 000001
006464 000001
006466 000001
006498 000001
006511 000001
006512 000001
006549 000001
006578 000001
006584 000001
006617 000001
006622 000001
006624 000001
006675 000001
006775 000001
007072 000001
007080 000001
007109 000001
007114 000001
007142 000001
007146 000001
007148 000001
007149 000001
007162 000001
007166 000002
007170 000001
007174 000001
007190 000001
007195 000002
007202 000001
007205 000001
007208 000001
007245 000001
007253 000001
007270 000001
007314 000001
007318 000001
007329 000001
007334 000001
007381 000001
007409 000001
007415 000001
007431 000001
007442 000001
007459 000001
007541 000001
007572 000001
008003 000001
008028 000001
008041 000001
008042 000001
008046 000001
008065 000001
008070 000001
008073 000001
008077 000001
008086 000001
008090 000001
008110 000001
008115 000001
008120 000001
008121 000001
008122 000001
008127 000002
008153 000001
008157 000001
008163 000001
008164 000001
008173 000001
008179 000001
008184 000001
008193 000001
008196 000001
008214 000002
008234 000001
008288 000001
008292 000001
008326 000001
008349 000001
008410 000001
008429 000001
008441 000001
008508 000001
008516 000001
008565 000001
008569 000001
008653 000001
009060 000001
009061 000001
009081 000001
009116 000001
009117 000001
009142 000001
009148 000001
009166 000001
009174 000001
009184 000001
009193 000001
009196 000001
009203 000001
009206 000001
009211 000001
009234 000001
009249 000001
009288 000001
009300 000001
009305 000001
009350 000001
009357 000001
009398 000001
009407 000001
009425 000001
009428 000001
009439 000001
009456 000001
009469 000001
009473 000001
009489 000001
009551 000001
009693 000001
010020 000001
010025 000001
010063 000001
010105 000001
010130 000001
010134 000001
010165 000001
010169 000001
010200 000001
010210 000002
010212 000001
010216 000001
010232 000001
010236 000001
010237 000001
010243 000001
010274 000001
010292 000001
010300 000001
010314 000001
010360 000001
010364 000001
010382 000001
010384 000001
010413 000001
010465 000001
010478 000001
010512 000001
010580 000001
# Min Latencies: 00164
# Avg Latencies: 00587
# Max Latencies: 304239
# Histogram Overflows: 00013
# Histogram Overflow at cycle number:
# Thread 0: 00687 01173 03505 07118 07398 07688 07971 08236 08493 08773 09065 10407 12736

RT_CYCLICTEST_TIMING_END uptime_s=179.95
RT_CYCLICTEST_COMPLETE
stress-ng: info:  [69] stopping 3 stressors
RT_STRESS_STOP
stress-ng: info:  [69] skipped: 0
stress-ng: info:  [69] passed: 3: cpu (2) vm (1)
stress-ng: info:  [69] failed: 0
stress-ng: info:  [69] metrics untrustworthy: 0
stress-ng: info:  [69] successful run completed in 2 mins 32.28 secs
RT_CPUSTAT sample=0 cpu=cpu0 user=6 nice=0 system=214 idle=2493 iowait=0 irq=18 softirq=2 steal=0
RT_CPUSTAT sample=0 cpu=cpu1 user=0 nice=0 system=2 idle=2867 iowait=0 irq=4 softirq=0 steal=0
RT_CPUSTAT sample=1 cpu=cpu0 user=373 nice=0 system=244 idle=2493 iowait=0 irq=41 softirq=2 steal=0
RT_CPUSTAT sample=1 cpu=cpu1 user=2 nice=0 system=4 idle=3234 iowait=0 irq=79 softirq=0 steal=0
RT_CPUSTAT sample=2 cpu=cpu0 user=765 nice=0 system=257 idle=2493 iowait=0 irq=64 softirq=2 steal=0
RT_CPUSTAT sample=2 cpu=cpu1 user=4 nice=0 system=7 idle=3594 iowait=0 irq=183 softirq=0 steal=0
RT_CPUSTAT sample=3 cpu=cpu0 user=1120 nice=0 system=294 idle=2493 iowait=0 irq=112 softirq=3 steal=0
RT_CPUSTAT sample=3 cpu=cpu1 user=4 nice=0 system=9 idle=4024 iowait=0 irq=257 softirq=0 steal=0
RT_CPUSTAT sample=4 cpu=cpu0 user=1550 nice=0 system=312 idle=2493 iowait=0 irq=136 softirq=3 steal=0
RT_CPUSTAT sample=4 cpu=cpu1 user=5 nice=0 system=10 idle=4366 iowait=0 irq=341 softirq=0 steal=0
RT_CPUSTAT sample=5 cpu=cpu0 user=2028 nice=0 system=312 idle=2493 iowait=0 irq=162 softirq=3 steal=0
RT_CPUSTAT sample=5 cpu=cpu1 user=5 nice=0 system=12 idle=4733 iowait=0 irq=429 softirq=0 steal=0
RT_CPUSTAT sample=6 cpu=cpu0 user=2505 nice=0 system=313 idle=2493 iowait=0 irq=188 softirq=3 steal=0
RT_CPUSTAT sample=6 cpu=cpu1 user=6 nice=0 system=13 idle=5099 iowait=0 irq=517 softirq=0 steal=0
RT_CPUSTAT sample=7 cpu=cpu0 user=2971 nice=0 system=325 idle=2493 iowait=0 irq=213 softirq=4 steal=0
RT_CPUSTAT sample=7 cpu=cpu1 user=6 nice=0 system=13 idle=5466 iowait=0 irq=606 softirq=0 steal=0
RT_CPUSTAT sample=8 cpu=cpu0 user=3431 nice=0 system=345 idle=2493 iowait=0 irq=239 softirq=4 steal=0
RT_CPUSTAT sample=8 cpu=cpu1 user=6 nice=0 system=15 idle=5833 iowait=0 irq=695 softirq=1 steal=0
RT_CPUSTAT sample=9 cpu=cpu0 user=3908 nice=0 system=345 idle=2493 iowait=0 irq=265 softirq=4 steal=0
RT_CPUSTAT sample=9 cpu=cpu1 user=6 nice=0 system=15 idle=6197 iowait=0 irq=783 softirq=1 steal=0
RT_CPUSTAT sample=10 cpu=cpu0 user=4373 nice=0 system=357 idle=2493 iowait=0 irq=291 softirq=5 steal=0
RT_CPUSTAT sample=10 cpu=cpu1 user=7 nice=0 system=17 idle=6561 iowait=0 irq=872 softirq=1 steal=0
RT_CPUSTAT sample=11 cpu=cpu0 user=4807 nice=0 system=402 idle=2493 iowait=0 irq=317 softirq=5 steal=0
RT_CPUSTAT sample=11 cpu=cpu1 user=8 nice=0 system=18 idle=6923 iowait=0 irq=963 softirq=1 steal=0
RT_CPUSTAT sample=12 cpu=cpu0 user=5266 nice=0 system=421 idle=2493 iowait=0 irq=343 softirq=5 steal=0
RT_CPUSTAT sample=12 cpu=cpu1 user=8 nice=0 system=19 idle=7289 iowait=0 irq=1052 softirq=1 steal=0
RT_CPUSTAT sample=13 cpu=cpu0 user=5724 nice=0 system=442 idle=2493 iowait=0 irq=369 softirq=6 steal=0
RT_CPUSTAT sample=13 cpu=cpu1 user=8 nice=0 system=19 idle=7654 iowait=0 irq=1143 softirq=1 steal=0
RT_CPUSTAT sample=14 cpu=cpu0 user=6188 nice=0 system=455 idle=2493 iowait=0 irq=396 softirq=6 steal=0
RT_CPUSTAT sample=14 cpu=cpu1 user=8 nice=0 system=22 idle=8020 iowait=0 irq=1231 softirq=1 steal=0
RT_CPUSTAT sample=15 cpu=cpu0 user=6652 nice=0 system=469 idle=2493 iowait=0 irq=422 softirq=6 steal=0
RT_CPUSTAT sample=15 cpu=cpu1 user=8 nice=0 system=23 idle=8383 iowait=0 irq=1321 softirq=1 steal=0
RT_CPUSTAT sample=16 cpu=cpu0 user=7075 nice=0 system=522 idle=2493 iowait=0 irq=448 softirq=6 steal=0
RT_CPUSTAT sample=16 cpu=cpu1 user=8 nice=0 system=24 idle=8747 iowait=0 irq=1410 softirq=2 steal=0
RT_CPUSTAT sample=17 cpu=cpu0 user=7539 nice=0 system=537 idle=2493 iowait=0 irq=474 softirq=7 steal=0
RT_CPUSTAT sample=17 cpu=cpu1 user=9 nice=0 system=25 idle=9114 iowait=0 irq=1498 softirq=2 steal=0
RT_CPUSTAT sample=18 cpu=cpu0 user=7973 nice=0 system=580 idle=2493 iowait=0 irq=500 softirq=7 steal=0
RT_CPUSTAT sample=18 cpu=cpu1 user=9 nice=0 system=27 idle=9480 iowait=0 irq=1587 softirq=2 steal=0
RT_CPUSTAT sample=19 cpu=cpu0 user=8423 nice=0 system=608 idle=2493 iowait=0 irq=526 softirq=7 steal=0
RT_CPUSTAT sample=19 cpu=cpu1 user=10 nice=0 system=29 idle=9842 iowait=0 irq=1678 softirq=2 steal=0
RT_CPUSTAT sample=20 cpu=cpu0 user=8887 nice=0 system=621 idle=2493 iowait=0 irq=553 softirq=8 steal=0
RT_CPUSTAT sample=20 cpu=cpu1 user=10 nice=0 system=29 idle=10205 iowait=0 irq=1768 softirq=2 steal=0
RT_CPUSTAT sample=21 cpu=cpu0 user=9363 nice=0 system=621 idle=2493 iowait=0 irq=579 softirq=8 steal=0
RT_CPUSTAT sample=21 cpu=cpu1 user=10 nice=0 system=31 idle=10566 iowait=0 irq=1858 softirq=2 steal=0
RT_CPUSTAT sample=22 cpu=cpu0 user=9839 nice=0 system=623 idle=2493 iowait=0 irq=606 softirq=8 steal=0
RT_CPUSTAT sample=22 cpu=cpu1 user=10 nice=0 system=31 idle=10931 iowait=0 irq=1947 softirq=2 steal=0
RT_CPUSTAT sample=23 cpu=cpu0 user=10305 nice=0 system=636 idle=2493 iowait=0 irq=632 softirq=9 steal=0
RT_CPUSTAT sample=23 cpu=cpu1 user=10 nice=0 system=32 idle=11295 iowait=0 irq=2037 softirq=3 steal=0
RT_CPUSTAT sample=24 cpu=cpu0 user=10936 nice=0 system=641 idle=2493 iowait=0 irq=667 softirq=9 steal=0
RT_CPUSTAT sample=24 cpu=cpu1 user=13 nice=0 system=32 idle=12015 iowait=0 irq=2095 softirq=3 steal=0
RT_CPUSTAT sample=25 cpu=cpu0 user=11491 nice=0 system=648 idle=2493 iowait=0 irq=699 softirq=9 steal=0
RT_CPUSTAT sample=25 cpu=cpu1 user=13 nice=0 system=32 idle=12753 iowait=0 irq=2095 softirq=3 steal=0
RT_CPUSTAT sample=26 cpu=cpu0 user=11958 nice=0 system=688 idle=2493 iowait=0 irq=727 softirq=10 steal=0
RT_CPUSTAT sample=26 cpu=cpu1 user=13 nice=0 system=32 idle=13433 iowait=0 irq=2095 softirq=3 steal=0
RT_CPUSTAT sample=27 cpu=cpu0 user=12430 nice=0 system=710 idle=2493 iowait=0 irq=755 softirq=10 steal=0
RT_CPUSTAT sample=27 cpu=cpu1 user=13 nice=0 system=32 idle=14100 iowait=0 irq=2095 softirq=3 steal=0
RT_CPUSTAT sample=28 cpu=cpu0 user=12891 nice=0 system=731 idle=2493 iowait=0 irq=781 softirq=10 steal=0
RT_CPUSTAT sample=28 cpu=cpu1 user=13 nice=0 system=32 idle=14753 iowait=0 irq=2095 softirq=3 steal=0
RT_INIT_DONE scenario=stress-noiso
[  187.134080] reboot: Power down
[37m[190.523980 2:17 axvm::runtime::hvc:352] [33mVM[1] PSCI_SYSTEM_OFF[m
[m[37m[190.524253 2:17 axvm::vm:1360] [32mStopping VM[1]: SystemDown[m
[m[37m[190.524711 2:17 axvm::runtime::vcpus:773] [33mVM[1] VCpu[0] stopping because of VM stopping[m

[m[37m[190.524744 3:22 axvm::runtime::vcpus:773] [33mVM[1] VCpu[1] stopping because of VM stopping[m[Axvisor] VM[1] stopped; returning to the management shell

[m[37m[190.786927 2:17 axvm::runtime::vcpus:811] [32mVM[1] VCpu[0] exiting...[m
[2Kaxvisor:$ 
[m[37m[190.787175 3:22 axvm::runtime::vcpus:780] [32mVM[1] VCpu[1] last VCpu exiting, decreasing running VM count[m
[m[37m[190.788488 3:22 axvm::runtime::vcpus:790] [32mVM[1] state changed to Stopped[m
[m[37m[190.788847 3:22 axvm::runtime::vcpus:811] [32mVM[1] VCpu[1] exiting...[m
[m
[2Kaxvisor:$ v
[2Kaxvisor:$ vm
[2Kaxvisor:$ vme
[2Kaxvisor:$ vmex
[2Kaxvisor:$ vmexi
[2Kaxvisor:$ vmexit
[2Kaxvisor:$ vmexit 
[2Kaxvisor:$ vmexit s
[2Kaxvisor:$ vmexit st
[2Kaxvisor:$ vmexit sta
[2Kaxvisor:$ vmexit stat
