VM-exit counters per physical CPU (12 reasons):
  cpu         irq     timer      mmio       wfi   hvc-smc    sysreg    gic-if       sgi    cpu-up  sys-down   nothing     other
    1       15205     15159     45774     15158         -         -         -         -         -         -         -         -
    2        1461      1026     31197       132         7         -         -       116         -         -        11         -
    3        1580      1440        52      2338         -         -         -        20         -         -         2         -
Host periodic scheduler ticks (event-driven timer IRQs excluded):
  cpu   0:       3280
  cpu   1:       3279
  cpu   2:       3278
  cpu   3:       3277
axvisor:$ 
[2Kaxvisor:$ v
[2Kaxvisor:$ vm
[2Kaxvisor:$ vm 
[2Kaxvisor:$ vm c
[2Kaxvisor:$ vm co
[2Kaxvisor:$ vm con
[2Kaxvisor:$ vm cons
[2Kaxvisor:$ vm conso
[2Kaxvisor:$ vm consol
[2Kaxvisor:$ vm console
[2Kaxvisor:$ vm console 
[2Kaxvisor:$ vm console 2
✓ Attached VM[2] console; use Ctrl+X, then h to return to the shell
PERIODIC LATENCY START
sequence,timestamp_ns,deadline_ns,actual_ns,jitter_ns
0,10498864,36556026064,36556524928,498864
1,20479504,36566026064,36566505568,479504
2,30696864,36576026064,36576722928,696864
3,40684976,36586026064,36586711040,684976
4,50576416,36596026064,36596602480,576416
5,60523600,36606026064,36606549664,523600
6,70664576,36616026064,36616690640,664576
7,80783264,36626026064,36626809328,783264
8,90704256,36636026064,36636730320,704256
9,100687168,36646026064,36646713232,687168
10,110655008,36656026064,36656681072,655008
11,120703376,36666026064,36666729440,703376
12,130747584,36676026064,36676773648,747584
13,140794720,36686026064,36686820784,794720
14,150781232,36696026064,36696807296,781232
15,160769616,36706026064,36706795680,769616
16,170706416,36716026064,36716732480,706416
17,180611824,36726026064,36726637888,611824
18,190704864,36736026064,36736730928,704864
19,200752944,36746026064,36746779008,752944
20,210739056,36756026064,36756765120,739056
21,220685280,36766026064,36766711344,685280
22,230704784,36776026064,36776730848,704784
23,240734128,36786026064,36786760192,734128
24,250729200,36796026064,36796755264,729200
25,260789936,36806026064,36806816000,789936
26,270514000,36816026064,36816540064,514000
27,280577696,36826026064,36826603760,577696
28,290536176,36836026064,36836562240,536176
29,300529952,36846026064,36846556016,529952
30,310511536,36856026064,36856537600,511536
31,320422256,36866026064,36866448320,422256
32,330506800,36876026064,36876532864,506800
33,340636976,36886026064,36886663040,636976
34,350541968,36896026064,36896568032,541968
35,360557184,36906026064,36906583248,557184
36,370466384,36916026064,36916492448,466384
37,380658800,36926026064,36926684864,658800
38,390648032,36936026064,36936674096,648032
39,400501024,36946026064,36946527088,501024
40,410537008,36956026064,36956563072,537008
41,420524640,36966026064,36966550704,524640
42,430527392,36976026064,36976553456,527392
43,440514912,36986026064,36986540976,514912
44,450627712,36996026064,36996653776,627712
45,460501008,37006026064,37006527072,501008
46,470595312,37016026064,37016621376,595312
47,480521408,37026026064,37026547472,521408
48,490766928,37036026064,37036792992,766928
49,500777120,37046026064,37046803184,777120
50,510677424,37056026064,37056703488,677424
51,520690016,37066026064,37066716080,690016
52,530743152,37076026064,37076769216,743152
53,540760848,37086026064,37086786912,760848
54,550682400,37096026064,37096708464,682400
55,560734512,37106026064,37106760576,734512
56,570771024,37116026064,37116797088,771024
57,580648320,37126026064,37126674384,648320
58,590688272,37136026064,37136714336,688272
59,600676672,37146026064,37146702736,676672
60,610723056,37156026064,37156749120,723056
61,620689104,37166026064,37166715168,689104
62,630738464,37176026064,37176764528,738464
63,640653024,37186026064,37186679088,653024
64,650697088,37196026064,37196723152,697088
65,660691088,37206026064,37206717152,691088
66,670651184,37216026064,37216677248,651184
67,680741584,37226026064,37226767648,741584
68,690701744,37236026064,37236727808,701744
69,700760752,37246026064,37246786816,760752
70,710661504,37256026064,37256687568,661504
71,720794640,37266026064,37266820704,794640
72,730679616,37276026064,37276705680,679616
73,740582752,37286026064,37286608816,582752
74,750738736,37296026064,37296764800,738736
75,760646384,37306026064,37306672448,646384
76,770704800,37316026064,37316730864,704800
77,780703632,37326026064,37326729696,703632
78,790652304,37336026064,37336678368,652304
79,800670016,37346026064,37346696080,670016
80,810530944,37356026064,37356557008,530944
81,820669648,37366026064,37366695712,669648
82,830684576,37376026064,37376710640,684576
83,840709216,37386026064,37386735280,709216
84,850513440,37396026064,37396539504,513440
85,860608544,37406026064,37406634608,608544
86,870573856,37416026064,37416599920,573856
87,880517520,37426026064,37426543584,517520
88,890639120,37436026064,37436665184,639120
89,900706240,37446026064,37446732304,706240
90,910664080,37456026064,37456690144,664080
91,920696656,37466026064,37466722720,696656
92,930697216,37476026064,37476723280,697216
93,940733824,37486026064,37486759888,733824
94,950674128,37496026064,37496700192,674128
95,960642992,37506026064,37506669056,642992
96,970685200,37516026064,37516711264,685200
97,980699248,37526026064,37526725312,699248
98,990769008,37536026064,37536795072,769008
99,1000442224,37546026064,37546468288,442224
100,1010445568,37556026064,37556471632,445568
101,1020751792,37566026064,37566777856,751792
102,1030697312,37576026064,37576723376,697312
103,1040723552,37586026064,37586749616,723552
104,1050661376,37596026064,37596687440,661376
105,1060776944,37606026064,37606803008,776944
106,1070730432,37616026064,37616756496,730432
107,1080707824,37626026064,37626733888,707824
108,1090802208,37636026064,37636828272,802208
109,1100746560,37646026064,37646772624,746560
110,1110671936,37656026064,37656698000,671936
111,1120692384,37666026064,37666718448,692384
112,1130698464,37676026064,37676724528,698464
113,1140657184,37686026064,37686683248,657184
114,1150697136,37696026064,37696723200,697136
115,1160711952,37706026064,37706738016,711952
116,1170696336,37716026064,37716722400,696336
117,1180764448,37726026064,37726790512,764448
118,1190659104,37736026064,37736685168,659104
119,1200664224,37746026064,37746690288,664224
120,1210648576,37756026064,37756674640,648576
121,1220650064,37766026064,37766676128,650064
122,1230667664,37776026064,37776693728,667664
123,1240650272,37786026064,37786676336,650272
124,1250787616,37796026064,37796813680,787616
125,1260637120,37806026064,37806663184,637120
126,1270726432,37816026064,37816752496,726432
127,1280674032,37826026064,37826700096,674032
128,1290561600,37836026064,37836587664,561600
129,1300690288,37846026064,37846716352,690288
130,1310656480,37856026064,37856682544,656480
131,1320667408,37866026064,37866693472,667408
132,1330669088,37876026064,37876695152,669088
133,1340711584,37886026064,37886737648,711584
134,1350789856,37896026064,37896815920,789856
135,1360699904,37906026064,37906725968,699904
136,1370724752,37916026064,37916750816,724752
137,1380760080,37926026064,37926786144,760080
138,1390693312,37936026064,37936719376,693312
139,1400636656,37946026064,37946662720,636656
140,1410688112,37956026064,37956714176,688112
141,1420760352,37966026064,37966786416,760352
142,1430725024,37976026064,37976751088,725024
143,1440667728,37986026064,37986693792,667728
144,1450641696,37996026064,37996667760,641696
145,1460759632,38006026064,38006785696,759632
146,1470739152,38016026064,38016765216,739152
147,1480711024,38026026064,38026737088,711024
148,1490668720,38036026064,38036694784,668720
149,1500666512,38046026064,38046692576,666512
150,1510714672,38056026064,38056740736,714672
151,1520647184,38066026064,38066673248,647184
152,1530691280,38076026064,38076717344,691280
153,1540686416,38086026064,38086712480,686416
154,1550705680,38096026064,38096731744,705680
155,1560699648,38106026064,38106725712,699648
156,1570673968,38116026064,38116700032,673968
157,1580738976,38126026064,38126765040,738976
158,1590692512,38136026064,38136718576,692512
159,1600665008,38146026064,38146691072,665008
160,1610666176,38156026064,38156692240,666176
161,1620662144,38166026064,38166688208,662144
162,1630630784,38176026064,38176656848,630784
163,1640751344,38186026064,38186777408,751344
164,1650699472,38196026064,38196725536,699472
165,1660713472,38206026064,38206739536,713472
166,1670675856,38216026064,38216701920,675856
167,1680767648,38226026064,38226793712,767648
168,1690790048,38236026064,38236816112,790048
169,1700810832,38246026064,38246836896,810832
170,1710813216,38256026064,38256839280,813216
171,1720768480,38266026064,38266794544,768480
172,1730765504,38276026064,38276791568,765504
173,1740774832,38286026064,38286800896,774832
174,1750785984,38296026064,38296812048,785984
175,1760818320,38306026064,38306844384,818320
176,1770865328,38316026064,38316891392,865328
177,1780764224,38326026064,38326790288,764224
178,1790777104,38336026064,38336803168,777104
179,1800770288,38346026064,38346796352,770288
180,1810837408,38356026064,38356863472,837408
181,1820885200,38366026064,38366911264,885200
182,1830766720,38376026064,38376792784,766720
183,1840797696,38386026064,38386823760,797696
184,1850818256,38396026064,38396844320,818256
185,1860772736,38406026064,38406798800,772736
186,1870827824,38416026064,38416853888,827824
187,1880724576,38426026064,38426750640,724576
188,1890826656,38436026064,38436852720,826656
189,1900743680,38446026064,38446769744,743680
190,1910796144,38456026064,38456822208,796144
191,1920828336,38466026064,38466854400,828336
192,1930713216,38476026064,38476739280,713216
193,1940749968,38486026064,38486776032,749968
194,1950760400,38496026064,38496786464,760400
195,1960773936,38506026064,38506800000,773936
196,1970755120,38516026064,38516781184,755120
197,1980785520,38526026064,38526811584,785520
198,1990796576,38536026064,38536822640,796576
199,2000743984,38546026064,38546770048,743984
200,2010767264,38556026064,38556793328,767264
201,2020765536,38566026064,38566791600,765536
202,2030770560,38576026064,38576796624,770560
203,2040693520,38586026064,38586719584,693520
204,2050737232,38596026064,38596763296,737232
205,2060823264,38606026064,38606849328,823264
206,2070795504,38616026064,38616821568,795504
207,2080852112,38626026064,38626878176,852112
208,2090736704,38636026064,38636762768,736704
209,2100795536,38646026064,38646821600,795536
210,2110802688,38656026064,38656828752,802688
211,2120804832,38666026064,38666830896,804832
212,2130851744,38676026064,38676877808,851744
213,2140834384,38686026064,38686860448,834384
214,2150773712,38696026064,38696799776,773712
215,2160735312,38706026064,38706761376,735312
216,2170777712,38716026064,38716803776,777712
217,2180809616,38726026064,38726835680,809616
218,2190795728,38736026064,38736821792,795728
219,2200784768,38746026064,38746810832,784768
220,2210738464,38756026064,38756764528,738464
221,2220650064,38766026064,38766676128,650064
222,2230770576,38776026064,38776796640,770576
223,2240727840,38786026064,38786753904,727840
224,2250776688,38796026064,38796802752,776688
225,2260748960,38806026064,38806775024,748960
226,2270743648,38816026064,38816769712,743648
227,2280753856,38826026064,38826779920,753856
228,2290782064,38836026064,38836808128,782064
229,2300740528,38846026064,38846766592,740528
230,2310683408,38856026064,38856709472,683408
231,2320876112,38866026064,38866902176,876112
232,2330762080,38876026064,38876788144,762080
233,2340776624,38886026064,38886802688,776624
234,2350761216,38896026064,38896787280,761216
235,2360758720,38906026064,38906784784,758720
236,2370859856,38916026064,38916885920,859856
237,2380871616,38926026064,38926897680,871616
238,2390710432,38936026064,38936736496,710432
239,2400836736,38946026064,38946862800,836736
240,2410782896,38956026064,38956808960,782896
241,2420718624,38966026064,38966744688,718624
242,2430800656,38976026064,38976826720,800656
243,2440783792,38986026064,38986809856,783792
244,2450724080,38996026064,38996750144,724080
245,2460885872,39006026064,39006911936,885872
246,2470759808,39016026064,39016785872,759808
247,2480774912,39026026064,39026800976,774912
248,2490750944,39036026064,39036777008,750944
249,2500762016,39046026064,39046788080,762016
250,2510725328,39056026064,39056751392,725328
251,2520754992,39066026064,39066781056,754992
252,2530769312,39076026064,39076795376,769312
253,2540757072,39086026064,39086783136,757072
254,2550746080,39096026064,39096772144,746080
255,2560764192,39106026064,39106790256,764192
256,2570774096,39116026064,39116800160,774096
257,2580818928,39126026064,39126844992,818928
258,2590825712,39136026064,39136851776,825712
259,2600769232,39146026064,39146795296,769232
260,2610763968,39156026064,39156790032,763968
261,2620767712,39166026064,39166793776,767712
262,2630808832,39176026064,39176834896,808832
263,2640722336,39186026064,39186748400,722336
264,2650763952,39196026064,39196790016,763952
265,2660770432,39206026064,39206796496,770432
266,2670787680,39216026064,39216813744,787680
267,2680872048,39226026064,39226898112,872048
268,2690624688,39236026064,39236650752,624688
269,2700800208,39246026064,39246826272,800208
270,2710765920,39256026064,39256791984,765920
271,2720826576,39266026064,39266852640,826576
272,2730782352,39276026064,39276808416,782352
273,2740756768,39286026064,39286782832,756768
274,2750791984,39296026064,39296818048,791984
275,2760768064,39306026064,39306794128,768064
276,2770788848,39316026064,39316814912,788848
277,2780777504,39326026064,39326803568,777504
278,2790771152,39336026064,39336797216,771152
279,2800861728,39346026064,39346887792,861728
280,2810794768,39356026064,39356820832,794768
281,2820777744,39366026064,39366803808,777744
282,2830789808,39376026064,39376815872,789808
283,2840857712,39386026064,39386883776,857712
284,2850899200,39396026064,39396925264,899200
285,2860763584,39406026064,39406789648,763584
286,2870775872,39416026064,39416801936,775872
287,2880759104,39426026064,39426785168,759104
288,2890764320,39436026064,39436790384,764320
289,2900800464,39446026064,39446826528,800464
290,2910909568,39456026064,39456935632,909568
291,2920879968,39466026064,39466906032,879968
292,2930732880,39476026064,39476758944,732880
293,2940749232,39486026064,39486775296,749232
294,2950711376,39496026064,39496737440,711376
295,2960776784,39506026064,39506802848,776784
296,2970764464,39516026064,39516790528,764464
297,2980867712,39526026064,39526893776,867712
298,2990810976,39536026064,39536837040,810976
299,3000792272,39546026064,39546818336,792272
PERIODIC LATENCY COMPLETE samples=300
