VM-exit counters per physical CPU (12 reasons):
  cpu         irq     timer      mmio       wfi   hvc-smc    sysreg    gic-if       sgi    cpu-up  sys-down   nothing     other
    1       15239     15183     45849     15183         -         -         -         -         -         -         -         -
    2        1073       746     30408      1764         7         -         -       121         -         -        11         -
    3        1945      1853        52      2732         -         -         -        18         -         -         2         -
Host periodic scheduler ticks (event-driven timer IRQs excluded):
  cpu   0:       3278
  cpu   1:       3281
  cpu   2:       3279
  cpu   3:       3278
axvisor:$ 
[2Kaxvisor:$ v
[2Kaxvisor:$ vm
[2Kaxvisor:$ vm 
[2Kaxvisor:$ vm c
[2Kaxvisor:$ vm co
[2Kaxvisor:$ vm con
[2Kaxvisor:$ vm cons
[2Kaxvisor:$ vm conso
[2Kaxvisor:$ vm consol
[2Kaxvisor:$ vm console
[2Kaxvisor:$ vm console 
[2Kaxvisor:$ vm console 2
✓ Attached VM[2] console; use Ctrl+X, then h to return to the shell
PERIODIC LATENCY START
sequence,timestamp_ns,deadline_ns,actual_ns,jitter_ns
0,10538368,37072010144,37072548512,538368
1,20512288,37082010144,37082522432,512288
2,30535040,37092010144,37092545184,535040
3,40431760,37102010144,37102441904,431760
4,50465328,37112010144,37112475472,465328
5,60455664,37122010144,37122465808,455664
6,70537296,37132010144,37132547440,537296
7,80552992,37142010144,37142563136,552992
8,90504304,37152010144,37152514448,504304
9,100514848,37162010144,37162524992,514848
10,110499152,37172010144,37172509296,499152
11,120542048,37182010144,37182552192,542048
12,130530048,37192010144,37192540192,530048
13,140508768,37202010144,37202518912,508768
14,150491360,37212010144,37212501504,491360
15,160601984,37222010144,37222612128,601984
16,170535632,37232010144,37232545776,535632
17,180434304,37242010144,37242444448,434304
18,190435216,37252010144,37252445360,435216
19,200441808,37262010144,37262451952,441808
20,210519904,37272010144,37272530048,519904
21,220534240,37282010144,37282544384,534240
22,230506672,37292010144,37292516816,506672
23,240511856,37302010144,37302522000,511856
24,250504448,37312010144,37312514592,504448
25,260495392,37322010144,37322505536,495392
26,270467680,37332010144,37332477824,467680
27,280447936,37342010144,37342458080,447936
28,290513808,37352010144,37352523952,513808
29,300498352,37362010144,37362508496,498352
30,310567856,37372010144,37372578000,567856
31,320594064,37382010144,37382604208,594064
32,330527088,37392010144,37392537232,527088
33,340576240,37402010144,37402586384,576240
34,350547696,37412010144,37412557840,547696
35,360601424,37422010144,37422611568,601424
36,370526288,37432010144,37432536432,526288
37,380509712,37442010144,37442519856,509712
38,390506912,37452010144,37452517056,506912
39,400545440,37462010144,37462555584,545440
40,410532080,37472010144,37472542224,532080
41,420546544,37482010144,37482556688,546544
42,430515776,37492010144,37492525920,515776
43,440552160,37502010144,37502562304,552160
44,450531808,37512010144,37512541952,531808
45,460521840,37522010144,37522531984,521840
46,470515088,37532010144,37532525232,515088
47,480471232,37542010144,37542481376,471232
48,490494976,37552010144,37552505120,494976
49,500485936,37562010144,37562496080,485936
50,510506192,37572010144,37572516336,506192
51,520458224,37582010144,37582468368,458224
52,530509808,37592010144,37592519952,509808
53,540450464,37602010144,37602460608,450464
54,550461616,37612010144,37612471760,461616
55,560432576,37622010144,37622442720,432576
56,570526480,37632010144,37632536624,526480
57,580610080,37642010144,37642620224,610080
58,590500560,37652010144,37652510704,500560
59,600626720,37662010144,37662636864,626720
60,610522416,37672010144,37672532560,522416
61,620595744,37682010144,37682605888,595744
62,630493696,37692010144,37692503840,493696
63,640528768,37702010144,37702538912,528768
64,650509040,37712010144,37712519184,509040
65,660598448,37722010144,37722608592,598448
66,670458048,37732010144,37732468192,458048
67,680438016,37742010144,37742448160,438016
68,690449408,37752010144,37752459552,449408
69,700458816,37762010144,37762468960,458816
70,710457184,37772010144,37772467328,457184
71,720528944,37782010144,37782539088,528944
72,730474048,37792010144,37792484192,474048
73,740456992,37802010144,37802467136,456992
74,750431808,37812010144,37812441952,431808
75,760455536,37822010144,37822465680,455536
76,770523616,37832010144,37832533760,523616
77,780456288,37842010144,37842466432,456288
78,790442320,37852010144,37852452464,442320
79,800665824,37862010144,37862675968,665824
80,810621872,37872010144,37872632016,621872
81,820445472,37882010144,37882455616,445472
82,830457856,37892010144,37892468000,457856
83,840434272,37902010144,37902444416,434272
84,850477104,37912010144,37912487248,477104
85,860413120,37922010144,37922423264,413120
86,870417888,37932010144,37932428032,417888
87,880452608,37942010144,37942462752,452608
88,890676080,37952010144,37952686224,676080
89,900644032,37962010144,37962654176,644032
90,910381520,37972010144,37972391664,381520
91,920454896,37982010144,37982465040,454896
92,930455104,37992010144,37992465248,455104
93,940410512,38002010144,38002420656,410512
94,950632112,38012010144,38012642256,632112
95,960440816,38022010144,38022450960,440816
96,970509824,38032010144,38032519968,509824
97,980451552,38042010144,38042461696,451552
98,990508112,38052010144,38052518256,508112
99,1000518208,38062010144,38062528352,518208
100,1010401392,38072010144,38072411536,401392
101,1020533664,38082010144,38082543808,533664
102,1030511664,38092010144,38092521808,511664
103,1040604560,38102010144,38102614704,604560
104,1050503328,38112010144,38112513472,503328
105,1060510096,38122010144,38122520240,510096
106,1070422960,38132010144,38132433104,422960
107,1080511168,38142010144,38142521312,511168
108,1090577392,38152010144,38152587536,577392
109,1100600128,38162010144,38162610272,600128
110,1110510112,38172010144,38172520256,510112
111,1120515248,38182010144,38182525392,515248
112,1130514368,38192010144,38192524512,514368
113,1140453264,38202010144,38202463408,453264
114,1150509568,38212010144,38212519712,509568
115,1160510304,38222010144,38222520448,510304
116,1170422752,38232010144,38232432896,422752
117,1180611584,38242010144,38242621728,611584
118,1190513104,38252010144,38252523248,513104
119,1200685232,38262010144,38262695376,685232
120,1210654720,38272010144,38272664864,654720
121,1220621824,38282010144,38282631968,621824
122,1230627168,38292010144,38292637312,627168
123,1240578576,38302010144,38302588720,578576
124,1250621440,38312010144,38312631584,621440
125,1260688560,38322010144,38322698704,688560
126,1270602400,38332010144,38332612544,602400
127,1280560688,38342010144,38342570832,560688
128,1290570880,38352010144,38352581024,570880
129,1300656176,38362010144,38362666320,656176
130,1310657200,38372010144,38372667344,657200
131,1320565584,38382010144,38382575728,565584
132,1330580240,38392010144,38392590384,580240
133,1340674288,38402010144,38402684432,674288
134,1350600784,38412010144,38412610928,600784
135,1360605952,38422010144,38422616096,605952
136,1370642896,38432010144,38432653040,642896
137,1380652544,38442010144,38442662688,652544
138,1390596624,38452010144,38452606768,596624
139,1400729152,38462010144,38462739296,729152
140,1410670208,38472010144,38472680352,670208
141,1420712832,38482010144,38482722976,712832
142,1430654928,38492010144,38492665072,654928
143,1440676400,38502010144,38502686544,676400
144,1450703936,38512010144,38512714080,703936
145,1460621344,38522010144,38522631488,621344
146,1470646544,38532010144,38532656688,646544
147,1480657488,38542010144,38542667632,657488
148,1490641328,38552010144,38552651472,641328
149,1500611968,38562010144,38562622112,611968
150,1510569424,38572010144,38572579568,569424
151,1520561712,38582010144,38582571856,561712
152,1530673088,38592010144,38592683232,673088
153,1540625632,38602010144,38602635776,625632
154,1550562720,38612010144,38612572864,562720
155,1560597360,38622010144,38622607504,597360
156,1570684496,38632010144,38632694640,684496
157,1580596592,38642010144,38642606736,596592
158,1590605584,38652010144,38652615728,605584
159,1600662016,38662010144,38662672160,662016
160,1610632176,38672010144,38672642320,632176
161,1620583808,38682010144,38682593952,583808
162,1630649584,38692010144,38692659728,649584
163,1640597456,38702010144,38702607600,597456
164,1650575328,38712010144,38712585472,575328
165,1660594368,38722010144,38722604512,594368
166,1670596192,38732010144,38732606336,596192
167,1680604336,38742010144,38742614480,604336
168,1690648592,38752010144,38752658736,648592
169,1700669168,38762010144,38762679312,669168
170,1710469744,38772010144,38772479888,469744
171,1720514432,38782010144,38782524576,514432
172,1730508832,38792010144,38792518976,508832
173,1740644208,38802010144,38802654352,644208
174,1750563264,38812010144,38812573408,563264
175,1760520464,38822010144,38822530608,520464
176,1770423088,38832010144,38832433232,423088
177,1780394016,38842010144,38842404160,394016
178,1790503536,38852010144,38852513680,503536
179,1800403728,38862010144,38862413872,403728
180,1810435088,38872010144,38872445232,435088
181,1820553056,38882010144,38882563200,553056
182,1830494944,38892010144,38892505088,494944
183,1840597408,38902010144,38902607552,597408
184,1850522544,38912010144,38912532688,522544
185,1860597072,38922010144,38922607216,597072
186,1870455280,38932010144,38932465424,455280
187,1880465408,38942010144,38942475552,465408
188,1890504464,38952010144,38952514608,504464
189,1900543824,38962010144,38962553968,543824
190,1910523040,38972010144,38972533184,523040
191,1920605408,38982010144,38982615552,605408
192,1930519040,38992010144,38992529184,519040
193,1940635072,39002010144,39002645216,635072
194,1950513472,39012010144,39012523616,513472
195,1960531792,39022010144,39022541936,531792
196,1970545328,39032010144,39032555472,545328
197,1980509136,39042010144,39042519280,509136
198,1990520576,39052010144,39052530720,520576
199,2000511472,39062010144,39062521616,511472
200,2010502112,39072010144,39072512256,502112
201,2020549200,39082010144,39082559344,549200
202,2030505136,39092010144,39092515280,505136
203,2040532624,39102010144,39102542768,532624
204,2050500544,39112010144,39112510688,500544
205,2060586832,39122010144,39122596976,586832
206,2070509664,39132010144,39132519808,509664
207,2080602112,39142010144,39142612256,602112
208,2090543552,39152010144,39152553696,543552
209,2100451328,39162010144,39162461472,451328
210,2110421456,39172010144,39172431600,421456
211,2120536400,39182010144,39182546544,536400
212,2130501568,39192010144,39192511712,501568
213,2140600960,39202010144,39202611104,600960
214,2150507952,39212010144,39212518096,507952
215,2160514640,39222010144,39222524784,514640
216,2170520928,39232010144,39232531072,520928
217,2180450416,39242010144,39242460560,450416
218,2190650064,39252010144,39252660208,650064
219,2200442128,39262010144,39262452272,442128
220,2210466448,39272010144,39272476592,466448
221,2220407840,39282010144,39282417984,407840
222,2230400352,39292010144,39292410496,400352
223,2240422016,39302010144,39302432160,422016
224,2250506288,39312010144,39312516432,506288
225,2260497424,39322010144,39322507568,497424
226,2270499616,39332010144,39332509760,499616
227,2280461344,39342010144,39342471488,461344
228,2290517280,39352010144,39352527424,517280
229,2300512864,39362010144,39362523008,512864
230,2310512864,39372010144,39372523008,512864
231,2320508016,39382010144,39382518160,508016
232,2330506368,39392010144,39392516512,506368
233,2340429216,39402010144,39402439360,429216
234,2350527632,39412010144,39412537776,527632
235,2360602608,39422010144,39422612752,602608
236,2370441872,39432010144,39432452016,441872
237,2380590528,39442010144,39442600672,590528
238,2390495584,39452010144,39452505728,495584
239,2400601904,39462010144,39462612048,601904
240,2410510640,39472010144,39472520784,510640
241,2420514560,39482010144,39482524704,514560
242,2430505792,39492010144,39492515936,505792
243,2440604192,39502010144,39502614336,604192
244,2450510672,39512010144,39512520816,510672
245,2460519568,39522010144,39522529712,519568
246,2470517280,39532010144,39532527424,517280
247,2480623744,39542010144,39542633888,623744
248,2490545952,39552010144,39552556096,545952
249,2500555264,39562010144,39562565408,555264
250,2510532000,39572010144,39572542144,532000
251,2520557520,39582010144,39582567664,557520
252,2530506272,39592010144,39592516416,506272
253,2540528880,39602010144,39602539024,528880
254,2550514352,39612010144,39612524496,514352
255,2560609920,39622010144,39622620064,609920
256,2570530288,39632010144,39632540432,530288
257,2580524672,39642010144,39642534816,524672
258,2590508880,39652010144,39652519024,508880
259,2600510976,39662010144,39662521120,510976
260,2610508400,39672010144,39672518544,508400
261,2620517072,39682010144,39682527216,517072
262,2630531312,39692010144,39692541456,531312
263,2640509152,39702010144,39702519296,509152
264,2650507824,39712010144,39712517968,507824
265,2660555888,39722010144,39722566032,555888
266,2670507120,39732010144,39732517264,507120
267,2680623344,39742010144,39742633488,623344
268,2690512896,39752010144,39752523040,512896
269,2700855312,39762010144,39762865456,855312
270,2710522560,39772010144,39772532704,522560
271,2720494288,39782010144,39782504432,494288
272,2730570544,39792010144,39792580688,570544
273,2740583872,39802010144,39802594016,583872
274,2750502176,39812010144,39812512320,502176
275,2760620752,39822010144,39822630896,620752
276,2770508528,39832010144,39832518672,508528
277,2780527264,39842010144,39842537408,527264
278,2790512256,39852010144,39852522400,512256
279,2800527536,39862010144,39862537680,527536
280,2810516736,39872010144,39872526880,516736
281,2820500272,39882010144,39882510416,500272
282,2830479120,39892010144,39892489264,479120
283,2840529072,39902010144,39902539216,529072
284,2850498096,39912010144,39912508240,498096
285,2860517472,39922010144,39922527616,517472
286,2870508848,39932010144,39932518992,508848
287,2880535296,39942010144,39942545440,535296
288,2890577248,39952010144,39952587392,577248
289,2900587936,39962010144,39962598080,587936
290,2910519088,39972010144,39972529232,519088
291,2920507232,39982010144,39982517376,507232
292,2930474528,39992010144,39992484672,474528
293,2940515552,40002010144,40002525696,515552
294,2950504928,40012010144,40012515072,504928
295,2960597136,40022010144,40022607280,597136
296,2970520800,40032010144,40032530944,520800
297,2980604000,40042010144,40042614144,604000
298,2990513328,40052010144,40052523472,513328
299,3000509744,40062010144,40062519888,509744
PERIODIC LATENCY COMPLETE samples=300
