VM-exit counters per physical CPU (12 reasons):
  cpu         irq     timer      mmio       wfi   hvc-smc    sysreg    gic-if       sgi    cpu-up  sys-down   nothing     other
    1   17050@149.1/s 16902@141.5/s 78108@2655.9/s 16902@141.5/s         -         -         -         -         -         -         -         -
    2    1196@10.1/s   828@6.8/s 30465@4.7/s 11741@821.4/s         7         -         -       121         -         -        11         -
    3   11949@823.6/s 11601@802.6/s        52 11945@758.5/s         -         -         -    29@0.9/s         -         -         2         -
Host periodic scheduler ticks (event-driven timer IRQs excluded):
  cpu   0:       4238 (79.038/s)
  cpu   1:       4238 (78.791/s)
  cpu   2:       4236 (78.791/s)
  cpu   3:       4235 (78.791/s)
axvisor:$ 
[2Kaxvisor:$ v
[2Kaxvisor:$ vm
[2Kaxvisor:$ vm 
[2Kaxvisor:$ vm c
[2Kaxvisor:$ vm co
[2Kaxvisor:$ vm con
[2Kaxvisor:$ vm cons
[2Kaxvisor:$ vm conso
[2Kaxvisor:$ vm consol
[2Kaxvisor:$ vm console
[2Kaxvisor:$ vm console 
[2Kaxvisor:$ vm console 1
✓ Attached VM[1] console; use Ctrl+X, then h to return to the shell
RT_PROGRESS uptime_s=38.75
[   47.554625] random: crng init done
RT_PROGRESS uptime_s=48.76
RT_PROGRESS uptime_s=58.77
RT_PROGRESS uptime_s=68.78
RT_PROGRESS uptime_s=78.80
RT_PROGRESS uptime_s=88.81
RT_PROGRESS uptime_s=98.82
RT_PROGRESS uptime_s=108.83
RT_PROGRESS uptime_s=118.84
RT_PROGRESS uptime_s=128.86
RT_PROGRESS uptime_s=138.87
RT_PROGRESS uptime_s=148.88
RT_PROGRESS uptime_s=158.90
RT_PROGRESS uptime_s=168.91
RT_PROGRESS uptime_s=178.92
RT_PROGRESS uptime_s=188.93
RT_PROGRESS uptime_s=198.94
RT_PROGRESS uptime_s=208.96
RT_PROGRESS uptime_s=218.97
RT_PROGRESS uptime_s=228.98
RT_PROGRESS uptime_s=238.99
RT_PROGRESS uptime_s=249.00
RT_PROGRESS uptime_s=259.02
RT_PROGRESS uptime_s=269.03
RT_PROGRESS uptime_s=279.04
RT_PROGRESS uptime_s=289.05
RT_PROGRESS uptime_s=299.07
RT_PROGRESS uptime_s=309.08
RT_PROGRESS uptime_s=319.09
RT_PROGRESS uptime_s=329.11
RT_PROGRESS uptime_s=339.12
RT_PROGRESS uptime_s=349.13
RT_PROGRESS uptime_s=359.14
RT_PROGRESS uptime_s=369.15
RT_PROGRESS uptime_s=379.16
RT_PROGRESS uptime_s=389.18
RT_PROGRESS uptime_s=399.19
RT_PROGRESS uptime_s=409.20
RT_PROGRESS uptime_s=419.21
RT_PROGRESS uptime_s=429.22
RT_PROGRESS uptime_s=439.24
RT_PROGRESS uptime_s=449.25
RT_PROGRESS uptime_s=459.26
RT_PROGRESS uptime_s=469.27
RT_PROGRESS uptime_s=479.28
RT_PROGRESS uptime_s=489.30
RT_PROGRESS uptime_s=499.31
RT_PROGRESS uptime_s=509.32
RT_PROGRESS uptime_s=519.33
RT_PROGRESS uptime_s=529.35
RT_PROGRESS uptime_s=539.36
RT_PROGRESS uptime_s=549.36
RT_PROGRESS uptime_s=559.38
RT_PROGRESS uptime_s=569.39
RT_PROGRESS uptime_s=579.40
RT_PROGRESS uptime_s=589.42
RT_PROGRESS uptime_s=599.43
RT_PROGRESS uptime_s=609.44
RT_PROGRESS uptime_s=619.45
RT_PROGRESS uptime_s=629.46
RT_PROGRESS uptime_s=639.48
RT_PROGRESS uptime_s=649.49
RT_PROGRESS uptime_s=659.51
RT_PROGRESS uptime_s=669.51
RT_PROGRESS uptime_s=679.52
RT_PROGRESS uptime_s=689.54
RT_PROGRESS uptime_s=699.54
RT_PROGRESS uptime_s=709.55
RT_PROGRESS uptime_s=719.56
RT_PROGRESS uptime_s=729.57
RT_PROGRESS uptime_s=739.59
RT_PROGRESS uptime_s=749.60
RT_PROGRESS uptime_s=759.62
RT_PROGRESS uptime_s=769.63
RT_PROGRESS uptime_s=779.64
RT_PROGRESS uptime_s=789.65
RT_PROGRESS uptime_s=799.66
RT_PROGRESS uptime_s=809.68
RT_PROGRESS uptime_s=819.70
RT_PROGRESS uptime_s=829.71
RT_PROGRESS uptime_s=839.72
RT_PROGRESS uptime_s=849.73
RT_PROGRESS uptime_s=859.75
RT_PROGRESS uptime_s=869.76
RT_PROGRESS uptime_s=879.77
RT_PROGRESS uptime_s=889.78
RT_PROGRESS uptime_s=899.80
RT_PROGRESS uptime_s=909.81
RT_PROGRESS uptime_s=919.82
WARN: stat /dev/cpu_dma_latency failed: No such file or directory
# Histogram
000159 000001
000160 000001
000161 000005
000162 000008
000163 000016
000164 000016
000165 000020
000166 000021
000167 000031
000168 000038
000169 000040
000170 000034
000171 000043
000172 000037
000173 000047
000174 000048
000175 000045
000176 000047
000177 000044
000178 000053
000179 000058
000180 000044
000181 000055
000182 000061
000183 000063
000184 000056
000185 000046
000186 000059
000187 000067
000188 000080
000189 000076
000190 000075
000191 000063
000192 000076
000193 000060
000194 000071
000195 000069
000196 000088
000197 000057
000198 000072
000199 000080
000200 000079
000201 000073
000202 000065
000203 000061
000204 000071
000205 000050
000206 000067
000207 000067
000208 000064
000209 000065
000210 000071
000211 000055
000212 000045
000213 000045
000214 000047
000215 000057
000216 000059
000217 000050
000218 000049
000219 000062
000220 000051
000221 000052
000222 000059
000223 000053
000224 000050
000225 000054
000226 000054
000227 000045
000228 000051
000229 000052
000230 000053
000231 000037
000232 000040
000233 000037
000234 000053
000235 000056
000236 000060
000237 000027
000238 000054
000239 000044
000240 000041
000241 000049
000242 000053
000243 000051
000244 000050
000245 000039
000246 000040
000247 000041
000248 000032
000249 000043
000250 000035
000251 000049
000252 000045
000253 000042
000254 000042
000255 000039
000256 000037
000257 000044
000258 000044
000259 000041
000260 000039
000261 000030
000262 000035
000263 000043
000264 000027
000265 000032
000266 000036
000267 000037
000268 000038
000269 000047
000270 000031
000271 000027
000272 000036
000273 000034
000274 000035
000275 000037
000276 000032
000277 000036
000278 000032
000279 000027
000280 000021
000281 000022
000282 000034
000283 000023
000284 000031
000285 000021
000286 000040
000287 000026
000288 000032
000289 000034
000290 000029
000291 000034
000292 000029
000293 000023
000294 000028
000295 000034
000296 000030
000297 000018
000298 000022
000299 000026
000300 000030
000301 000038
000302 000037
000303 000035
000304 000034
000305 000038
000306 000042
000307 000044
000308 000050
000309 000045
000310 000058
000311 000068
000312 000046
000313 000036
000314 000047
000315 000061
000316 000053
000317 000049
000318 000066
000319 000061
000320 000063
000321 000061
000322 000069
000323 000059
000324 000078
000325 000066
000326 000064
000327 000069
000328 000066
000329 000072
000330 000094
000331 000084
000332 000079
000333 000089
000334 000073
000335 000095
000336 000095
000337 000106
000338 000110
000339 000110
000340 000102
000341 000107
000342 000093
000343 000104
000344 000122
000345 000113
000346 000113
000347 000145
000348 000144
000349 000142
000350 000173
000351 000153
000352 000160
000353 000189
000354 000224
000355 000204
000356 000218
000357 000201
000358 000227
000359 000248
000360 000286
000361 000231
000362 000261
000363 000285
000364 000284
000365 000266
000366 000263
000367 000272
000368 000273
000369 000279
000370 000266
000371 000254
000372 000256
000373 000247
000374 000269
000375 000290
000376 000247
000377 000277
000378 000244
000379 000237
000380 000228
000381 000247
000382 000262
000383 000241
000384 000261
000385 000230
000386 000242
000387 000243
000388 000242
000389 000252
000390 000212
000391 000243
000392 000247
000393 000245
000394 000249
000395 000262
000396 000318
000397 000324
000398 000404
000399 000420
000400 000458
000401 000499
000402 000610
000403 000653
000404 000742
000405 000765
000406 000868
000407 000938
000408 001041
000409 001105
000410 001204
000411 001196
000412 001274
000413 001324
000414 001270
000415 001416
000416 001395
000417 001441
000418 001439
000419 001462
000420 001488
000421 001527
000422 001554
000423 001539
000424 001614
000425 001589
000426 001733
000427 001766
000428 001715
000429 001871
000430 001863
000431 001842
000432 001908
000433 001939
000434 002073
000435 002068
000436 002192
000437 002092
000438 002222
000439 002179
000440 002275
000441 002287
000442 002379
000443 002409
000444 002579
000445 002533
000446 002609
000447 002621
000448 002720
000449 002701
000450 002815
000451 002865
000452 003039
000453 003033
000454 003046
000455 003169
000456 003333
000457 003242
000458 003248
000459 003301
000460 003351
000461 003318
000462 003482
000463 003282
000464 003468
000465 003362
000466 003272
000467 003278
000468 003304
000469 003268
000470 003290
000471 003369
000472 003302
000473 003230
000474 003284
000475 003189
000476 003354
000477 003208
000478 003360
000479 003401
000480 003505
000481 003513
000482 003760
000483 003671
000484 003958
000485 004069
000486 004325
000487 004431
000488 004672
000489 004651
000490 004904
000491 005032
000492 005298
000493 005349
000494 005693
000495 005837
000496 005937
000497 006085
000498 006284
000499 006232
000500 006530
000501 006521
000502 006705
000503 006673
000504 006786
000505 006765
000506 006836
000507 006942
000508 006941
000509 006854
000510 007128
000511 007216
000512 007357
000513 007441
000514 007728
000515 007635
000516 007640
000517 007684
000518 007832
000519 007810
000520 007926
000521 007772
000522 007973
000523 007662
000524 007705
000525 007614
000526 007681
000527 007671
000528 007702
000529 007585
000530 007482
000531 007301
000532 007305
000533 007191
000534 007314
000535 006850
000536 006927
000537 006813
000538 006709
000539 006530
000540 006520
000541 006415
000542 006474
000543 006147
000544 006487
000545 006263
000546 006318
000547 006243
000548 006028
000549 005843
000550 005571
000551 005375
000552 005412
000553 004902
000554 004899
000555 004547
000556 004443
000557 004080
000558 003990
000559 003688
000560 003616
000561 003385
000562 003365
000563 003120
000564 003011
000565 002840
000566 002802
000567 002615
000568 002450
000569 002383
000570 002181
000571 002168
000572 002195
000573 001961
000574 002002
000575 001910
000576 001842
000577 001782
000578 001769
000579 001637
000580 001560
000581 001494
000582 001431
000583 001364
000584 001340
000585 001301
000586 001249
000587 001171
000588 001153
000589 001116
000590 001109
000591 001070
000592 001162
000593 001036
000594 001001
000595 000981
000596 000964
000597 000901
000598 000921
000599 000907
000600 000920
000601 000899
000602 000924
000603 000858
000604 000875
000605 000881
000606 000884
000607 000841
000608 000854
000609 000858
000610 000884
000611 000852
000612 000905
000613 000934
000614 000916
000615 000893
000616 000899
000617 000967
000618 001015
000619 000973
000620 000987
000621 001001
000622 001083
000623 001079
000624 001087
000625 001126
000626 001163
000627 001103
000628 001089
000629 001124
000630 001133
000631 001116
000632 001114
000633 001086
000634 001133
000635 001095
000636 001132
000637 001058
000638 001038
000639 001030
000640 000997
000641 001022
000642 000934
000643 000972
000644 000936
000645 000832
000646 000880
000647 000839
000648 000856
000649 000818
000650 000764
000651 000780
000652 000799
000653 000769
000654 000764
000655 000724
000656 000708
000657 000657
000658 000662
000659 000624
000660 000648
000661 000585
000662 000603
000663 000578
000664 000588
000665 000564
000666 000527
000667 000544
000668 000495
000669 000511
000670 000548
000671 000530
000672 000505
000673 000497
000674 000509
000675 000507
000676 000482
000677 000474
000678 000481
000679 000483
000680 000458
000681 000500
000682 000469
000683 000426
000684 000467
000685 000451
000686 000469
000687 000450
000688 000419
000689 000401
000690 000430
000691 000391
000692 000401
000693 000365
000694 000363
000695 000363
000696 000375
000697 000347
000698 000348
000699 000320
000700 000330
000701 000300
000702 000336
000703 000317
000704 000295
000705 000281
000706 000265
000707 000276
000708 000303
000709 000242
000710 000253
000711 000259
000712 000246
000713 000240
000714 000221
000715 000219
000716 000208
000717 000192
000718 000218
000719 000230
000720 000201
000721 000173
000722 000170
000723 000170
000724 000151
000725 000147
000726 000158
000727 000160
000728 000148
000729 000138
000730 000157
000731 000132
000732 000126
000733 000127
000734 000142
000735 000115
000736 000145
000737 000122
000738 000130
000739 000102
000740 000107
000741 000099
000742 000112
000743 000112
000744 000106
000745 000096
000746 000095
000747 000094
000748 000101
000749 000091
000750 000089
000751 000085
000752 000093
000753 000090
000754 000083
000755 000086
000756 000079
000757 000073
000758 000082
000759 000070
000760 000080
000761 000071
000762 000091
000763 000087
000764 000069
000765 000077
000766 000070
000767 000096
000768 000080
000769 000071
000770 000079
000771 000093
000772 000075
000773 000073
000774 000083
000775 000084
000776 000073
000777 000053
000778 000075
000779 000077
000780 000082
000781 000066
000782 000083
000783 000080
000784 000073
000785 000072
000786 000067
000787 000073
000788 000090
000789 000080
000790 000087
000791 000075
000792 000071
000793 000096
000794 000106
000795 000099
000796 000081
000797 000109
000798 000086
000799 000100
000800 000104
000801 000108
000802 000105
000803 000107
000804 000112
000805 000109
000806 000125
000807 000130
000808 000142
000809 000108
000810 000142
000811 000112
000812 000134
000813 000135
000814 000154
000815 000149
000816 000132
000817 000138
000818 000163
000819 000149
000820 000154
000821 000134
000822 000183
000823 000170
000824 000177
000825 000160
000826 000146
000827 000166
000828 000173
000829 000162
000830 000174
000831 000199
000832 000186
000833 000172
000834 000181
000835 000175
000836 000184
000837 000175
000838 000193
000839 000230
000840 000211
000841 000201
000842 000200
000843 000195
000844 000193
000845 000203
000846 000220
000847 000183
000848 000207
000849 000204
000850 000215
000851 000190
000852 000176
000853 000213
000854 000177
000855 000174
000856 000178
000857 000184
000858 000171
000859 000177
000860 000173
000861 000177
000862 000183
000863 000173
000864 000153
000865 000149
000866 000147
000867 000143
000868 000149
000869 000139
000870 000146
000871 000130
000872 000132
000873 000130
000874 000131
000875 000132
000876 000122
000877 000101
000878 000126
000879 000105
000880 000101
000881 000103
000882 000100
000883 000088
000884 000096
000885 000100
000886 000117
000887 000101
000888 000095
000889 000092
000890 000111
000891 000085
000892 000088
000893 000082
000894 000079
000895 000079
000896 000059
000897 000086
000898 000075
000899 000061
000900 000080
000901 000060
000902 000068
000903 000057
000904 000072
000905 000068
000906 000053
000907 000058
000908 000049
000909 000052
000910 000068
000911 000045
000912 000053
000913 000037
000914 000035
000915 000049
000916 000063
000917 000043
000918 000059
000919 000047
000920 000049
000921 000049
000922 000056
000923 000041
000924 000054
000925 000037
000926 000040
000927 000056
000928 000053
000929 000042
000930 000041
000931 000038
000932 000045
000933 000036
000934 000026
000935 000033
000936 000032
000937 000031
000938 000032
000939 000023
000940 000027
000941 000039
000942 000031
000943 000032
000944 000036
000945 000018
000946 000033
000947 000026
000948 000027
000949 000014
000950 000022
000951 000027
000952 000030
000953 000020
000954 000030
000955 000031
000956 000021
000957 000024
000958 000025
000959 000023
000960 000032
000961 000027
000962 000026
000963 000019
000964 000027
000965 000022
000966 000026
000967 000027
000968 000020
000969 000017
000970 000019
000971 000020
000972 000018
000973 000021
000974 000015
000975 000021
000976 000016
000977 000015
000978 000024
000979 000021
000980 000020
000981 000021
000982 000016
000983 000019
000984 000012
000985 000012
000986 000014
000987 000011
000988 000013
000989 000015
000990 000012
000991 000015
000992 000016
000993 000018
000994 000018
000995 000016
000996 000014
000997 000011
000998 000012
000999 000013
001000 000014
001001 000011
001002 000019
001003 000017
001004 000012
001005 000015
001006 000010
001007 000011
001008 000016
001009 000013
001010 000014
001011 000005
001012 000009
001013 000020
001014 000012
001015 000010
001016 000013
001017 000016
001018 000009
001019 000011
001020 000012
001021 000007
001022 000012
001023 000004
001024 000011
001025 000008
001028 000001
001029 000007
001030 000005
001031 000008
001032 000012
001033 000003
001034 000011
001035 000009
001036 000010
001037 000009
001038 000006
001039 000008
001040 000005
001041 000007
001042 000009
001043 000009
001044 000011
001045 000005
001046 000007
001047 000005
001048 000005
001049 000006
001050 000006
001051 000011
001052 000009
001053 000007
001054 000004
001055 000007
001056 000007
001057 000006
001058 000003
001059 000005
001060 000005
001061 000001
001062 000004
001063 000008
001064 000004
001065 000005
001066 000002
001067 000003
001068 000004
001069 000005
001070 000005
001071 000009
001072 000002
001073 000004
001074 000003
001075 000001
001076 000004
001077 000005
001078 000003
001079 000006
001080 000005
001081 000008
001082 000004
001083 000004
001084 000005
001085 000001
001086 000006
001087 000005
001088 000005
001089 000004
001090 000004
001091 000003
001092 000007
001093 000006
001094 000005
001095 000003
001096 000003
001097 000002
001098 000002
001099 000001
001100 000003
001101 000002
001102 000001
001103 000004
001104 000007
001105 000004
001106 000003
001107 000005
001108 000004
001109 000004
001111 000004
001112 000003
001114 000002
001115 000003
001116 000002
001117 000003
001118 000003
001119 000004
001120 000003
001121 000006
001122 000002
001123 000001
001124 000005
001125 000004
001126 000005
001127 000001
001128 000003
001129 000002
001130 000003
001131 000001
001132 000001
001133 000003
001134 000002
001137 000001
001138 000002
001139 000006
001140 000001
001141 000003
001142 000002
001143 000004
001144 000001
001146 000001
001147 000003
001148 000002
001149 000001
001150 000003
001151 000002
001152 000001
001153 000002
001154 000004
001155 000006
001156 000003
001157 000004
001159 000003
001160 000001
001161 000003
001162 000003
001163 000002
001164 000002
001165 000001
001167 000002
001168 000001
001169 000002
001170 000001
001171 000005
001172 000004
001173 000001
001175 000001
001176 000002
001177 000001
001179 000003
001181 000004
001182 000004
001183 000002
001184 000003
001185 000002
001186 000001
001187 000001
001189 000002
001191 000003
001192 000001
001193 000003
001194 000001
001195 000001
001196 000001
001198 000003
001199 000002
001200 000001
001201 000002
001202 000002
001204 000001
001205 000001
001208 000001
001209 000002
001210 000001
001212 000002
001213 000002
001214 000002
001216 000003
001217 000002
001218 000001
001219 000003
001220 000001
001221 000001
001222 000001
001223 000001
001224 000001
001225 000003
001226 000001
001227 000001
001228 000001
001229 000001
001230 000001
001232 000001
001233 000001
001234 000002
001235 000001
001236 000001
001237 000001
001239 000001
001240 000003
001242 000001
001244 000002
001245 000001
001246 000002
001247 000001
001248 000002
001249 000002
001250 000003
001252 000001
001253 000001
001255 000001
001257 000003
001258 000001
001259 000001
001260 000001
001261 000004
001262 000001
001264 000001
001266 000002
001267 000003
001268 000004
001269 000004
001270 000006
001271 000003
001272 000008
001273 000001
001274 000006
001275 000004
001276 000005
001277 000009
001278 000005
001279 000005
001280 000010
001281 000003
001282 000007
001283 000009
001284 000007
001285 000008
001286 000006
001287 000010
001288 000008
001289 000006
001290 000006
001291 000010
001292 000014
001293 000008
001294 000006
001295 000006
001296 000009
001297 000007
001298 000011
001299 000014
001300 000015
001301 000006
001302 000007
001303 000006
001304 000006
001305 000006
001306 000009
001307 000009
001308 000006
001309 000010
001310 000005
001311 000007
001312 000006
001313 000005
001314 000003
001315 000008
001316 000005
001317 000004
001318 000004
001319 000006
001320 000006
001321 000006
001322 000006
001323 000005
001324 000003
001325 000012
001326 000007
001327 000005
001328 000008
001329 000003
001330 000004
001331 000006
001332 000001
001333 000007
001334 000004
001335 000009
001336 000002
001337 000004
001338 000003
001339 000008
001340 000004
001341 000004
001342 000003
001343 000003
001344 000003
001345 000005
001346 000005
001347 000002
001348 000005
001349 000004
001350 000001
001351 000005
001352 000002
001353 000006
001354 000005
001355 000005
001356 000002
001357 000003
001358 000004
001359 000008
001360 000003
001361 000001
001362 000004
001363 000003
001364 000004
001365 000001
001366 000001
001367 000003
001368 000005
001369 000001
001370 000001
001371 000002
001372 000005
001373 000006
001374 000001
001376 000003
001377 000003
001378 000003
001379 000003
001380 000002
001381 000003
001382 000001
001384 000002
001385 000001
001386 000001
001387 000002
001388 000002
001389 000002
001390 000003
001391 000001
001392 000002
001394 000002
001395 000002
001396 000002
001397 000003
001398 000001
001399 000003
001400 000003
001401 000004
001403 000002
001404 000003
001406 000003
001407 000002
001411 000003
001412 000001
001415 000001
001416 000002
001418 000001
001419 000004
001420 000001
001421 000002
001422 000003
001423 000001
001424 000003
001425 000002
001426 000002
001427 000002
001428 000002
001429 000002
001430 000002
001431 000004
001432 000001
001433 000004
001434 000001
001435 000001
001436 000003
001437 000001
001438 000001
001439 000003
001440 000002
001441 000001
001442 000003
001443 000001
001444 000001
001445 000002
001446 000003
001447 000001
001448 000001
001449 000003
001450 000004
001451 000002
001452 000002
001453 000003
001455 000004
001456 000006
001457 000005
001458 000004
001459 000002
001460 000002
001461 000001
001462 000002
001463 000004
001464 000003
001465 000002
001466 000003
001468 000003
001469 000001
001470 000004
001471 000002
001472 000004
001473 000004
001474 000002
001475 000002
001476 000003
001477 000002
001478 000002
001479 000003
001480 000001
001481 000006
001482 000003
001483 000001
001484 000004
001485 000001
001486 000001
001487 000003
001488 000001
001489 000006
001490 000002
001491 000001
001492 000002
001493 000001
001494 000003
001495 000001
001496 000003
001497 000002
001498 000001
001499 000001
001500 000002
001502 000002
001503 000002
001504 000002
001505 000001
001506 000002
001508 000005
001509 000001
001510 000002
001511 000002
001512 000001
001514 000003
001516 000002
001517 000001
001518 000003
001519 000003
001520 000002
001521 000002
001522 000002
001523 000001
001524 000003
001525 000003
001526 000002
001527 000002
001528 000001
001529 000002
001530 000005
001531 000002
001532 000006
001533 000002
001534 000001
001535 000001
001536 000003
001537 000001
001538 000002
001539 000001
001540 000003
001541 000002
001542 000004
001543 000003
001544 000004
001545 000001
001546 000002
001547 000002
001548 000005
001549 000002
001550 000003
001551 000002
001553 000004
001554 000001
001555 000004
001556 000001
001557 000003
001558 000004
001559 000003
001560 000003
001561 000001
001562 000003
001563 000003
001564 000003
001565 000003
001566 000002
001567 000002
001568 000001
001569 000002
001570 000004
001571 000002
001572 000005
001573 000002
001574 000005
001575 000001
001576 000002
001577 000002
001579 000004
001580 000001
001581 000002
001582 000002
001583 000002
001584 000006
001585 000003
001586 000005
001587 000002
001588 000002
001589 000004
001590 000002
001591 000002
001592 000003
001593 000003
001594 000005
001596 000002
001597 000001
001598 000001
001599 000001
001601 000001
001602 000001
001603 000004
001605 000001
001608 000001
001610 000002
001611 000001
001612 000001
001613 000001
001614 000001
001615 000003
001616 000001
001617 000002
001618 000002
001622 000001
001623 000001
001627 000001
001628 000001
001629 000002
001631 000002
001632 000001
001635 000002
001636 000001
001638 000001
001640 000002
001643 000002
001644 000002
001647 000001
001648 000001
001649 000002
001651 000002
001652 000002
001654 000001
001655 000001
001656 000003
001659 000001
001662 000001
001664 000002
001665 000001
001668 000001
001670 000001
001671 000001
001672 000001
001674 000002
001676 000001
001678 000003
001680 000001
001682 000001
001684 000001
001686 000001
001687 000001
001688 000002
001689 000001
001690 000002
001694 000001
001697 000002
001700 000001
001701 000001
001702 000002
001703 000001
001706 000001
001710 000001
001711 000003
001712 000003
001713 000002
001714 000002
001715 000002
001717 000002
001719 000001
001721 000003
001722 000001
001723 000001
001724 000001
001725 000003
001727 000001
001728 000001
001730 000001
001731 000001
001732 000003
001733 000001
001734 000002
001736 000001
001741 000002
001748 000001
001749 000001
001752 000001
001756 000001
001765 000001
001767 000001
001772 000001
001774 000001
001775 000001
001780 000001
001781 000001
001785 000001
001787 000001
001790 000003
001793 000001
001794 000001
001795 000001
001798 000001
001802 000002
001803 000001
001804 000002
001810 000002
001813 000001
001818 000001
001821 000001
001826 000002
001835 000001
001845 000001
001850 000002
001861 000001
001867 000002
001895 000002
001906 000001
001920 000001
001925 000001
001931 000001
001938 000002
001941 000001
001942 000001
001944 000001
001960 000001
001966 000001
001981 000002
001983 000001
002007 000001
002049 000001
002058 000001
002060 000001
002067 000001
002071 000001
002097 000001
002106 000001
002112 000001
002171 000001
002192 000001
002200 000001
002210 000001
002214 000001
002247 000001
002260 000001
002263 000001
002271 000001
002280 000001
002317 000001
002324 000001
002340 000001
002354 000001
002355 000001
002359 000002
002379 000001
002380 000001
002401 000001
002429 000001
002445 000001
002485 000001
002490 000001
002499 000001
002502 000001
002507 000001
002527 000002
002528 000001
002529 000001
002530 000001
002533 000002
002535 000002
002537 000001
002539 000001
002541 000001
002542 000001
002544 000001
002548 000001
002549 000001
002551 000005
002552 000001
002553 000001
002555 000003
002556 000003
002557 000002
002559 000002
002560 000003
002561 000001
002562 000001
002564 000004
002565 000002
002566 000003
002567 000003
002568 000002
002569 000001
002570 000004
002571 000004
002572 000001
002573 000002
002574 000001
002575 000002
002576 000002
002577 000004
002578 000005
002579 000001
002580 000001
002581 000001
002582 000001
002583 000003
002584 000004
002585 000001
002586 000004
002587 000003
002588 000001
002589 000003
002590 000005
002591 000002
002592 000001
002594 000001
002595 000001
002596 000003
002597 000003
002599 000002
002600 000001
002601 000001
002602 000004
002603 000004
002604 000003
002605 000003
002606 000003
002608 000002
002609 000002
002611 000002
002613 000002
002614 000002
002615 000001
002616 000001
002617 000001
002618 000001
002619 000004
002620 000001
002623 000001
002624 000001
002626 000001
002628 000002
002630 000001
002635 000003
002636 000001
002637 000001
002641 000001
002642 000001
002645 000001
002651 000001
002652 000001
002658 000001
002663 000003
002666 000001
002671 000001
002675 000001
002681 000001
002683 000001
002684 000001
002687 000001
002689 000001
002692 000001
002694 000001
002696 000002
002697 000001
002699 000001
002700 000003
002702 000001
002705 000001
002706 000002
002707 000001
002708 000003
002710 000002
002712 000001
002714 000001
002715 000001
002716 000002
002717 000001
002718 000002
002720 000002
002721 000002
002722 000001
002724 000003
002725 000001
002726 000001
002730 000001
002732 000001
002733 000001
002735 000001
002736 000002
002737 000001
002741 000001
002743 000001
002744 000003
002746 000001
002748 000001
002749 000001
002750 000001
002752 000001
002753 000001
002756 000001
002757 000001
002759 000001
002763 000001
002766 000001
002769 000003
002773 000002
002776 000001
002777 000001
002787 000001
002794 000002
002795 000001
002800 000001
002802 000001
002803 000001
002809 000001
002812 000002
002822 000001
002823 000001
002844 000001
002846 000001
002854 000001
002855 000001
002864 000001
002884 000001
002886 000001
002889 000001
002898 000001
002900 000001
002908 000001
002926 000002
002927 000001
002935 000001
002942 000001
002943 000001
002944 000001
002947 000001
002948 000001
002953 000001
002967 000001
002972 000001
002983 000001
003001 000001
003006 000001
003020 000001
003024 000001
003035 000001
003117 000001
003159 000001
003167 000001
003174 000001
003198 000001
003208 000001
003234 000001
003267 000001
003315 000001
003326 000001
003339 000001
003391 000001
003409 000001
003414 000001
003423 000001
003431 000001
003448 000001
003471 000001
003487 000001
003496 000001
003513 000002
003515 000001
003520 000001
003538 000001
003542 000001
003543 000001
003545 000001
003547 000001
003548 000001
003551 000001
003554 000004
003555 000001
003556 000001
003557 000002
003560 000001
003561 000001
003562 000001
003565 000003
003566 000002
003567 000001
003568 000002
003570 000002
003571 000001
003572 000001
003573 000001
003574 000001
003575 000005
003576 000006
003577 000003
003578 000001
003579 000004
003580 000002
003581 000005
003582 000003
003583 000002
003584 000003
003585 000001
003586 000002
003587 000004
003588 000003
003589 000001
003590 000003
003591 000002
003592 000005
003593 000001
003594 000001
003595 000006
003596 000001
003597 000002
003598 000002
003599 000002
003600 000004
003601 000001
003602 000001
003603 000002
003604 000005
003605 000001
003606 000002
003608 000002
003609 000001
003611 000002
003613 000002
003615 000001
003616 000001
003617 000001
003619 000001
003620 000001
003626 000001
003627 000001
003629 000002
003630 000002
003632 000003
003635 000002
003637 000001
003638 000001
003641 000001
003646 000002
003648 000001
003654 000001
003656 000001
003659 000001
003660 000001
003667 000001
003668 000002
003669 000001
003675 000002
003680 000001
003683 000001
003685 000001
003687 000001
003690 000001
003692 000001
003693 000002
003696 000001
003698 000001
003702 000001
003704 000002
003710 000001
003717 000002
003721 000001
003722 000002
003723 000001
003724 000001
003726 000002
003732 000001
003738 000002
003744 000001
003745 000001
003748 000003
003749 000001
003758 000002
003760 000001
003764 000001
003770 000001
003778 000001
003779 000001
003791 000001
003794 000001
003796 000001
003808 000001
003827 000001
003838 000002
003860 000001
003862 000001
003871 000001
003878 000001
003881 000002
003895 000001
003896 000001
003900 000001
003911 000001
003914 000001
003945 000001
003947 000001
003960 000001
003962 000001
003965 000001
003966 000001
003972 000001
003990 000001
003991 000001
004014 000001
004017 000001
004018 000001
004025 000001
004034 000001
004035 000001
004085 000001
004096 000001
004217 000001
004242 000001
004277 000001
004294 000001
004311 000001
004334 000001
004370 000001
004431 000001
004449 000001
004507 000001
004530 000001
004542 000001
004547 000001
004548 000001
004552 000001
004553 000001
004554 000001
004556 000001
004557 000001
004561 000001
004563 000001
004566 000002
004568 000002
004571 000002
004572 000001
004573 000001
004574 000003
004575 000004
004576 000003
004577 000001
004579 000002
004581 000004
004582 000002
004583 000002
004584 000001
004585 000001
004586 000006
004587 000002
004588 000001
004589 000002
004590 000003
004591 000001
004592 000002
004593 000001
004594 000003
004595 000002
004596 000003
004597 000002
004598 000005
004599 000001
004600 000002
004601 000001
004602 000004
004603 000002
004605 000002
004606 000002
004607 000001
004608 000002
004609 000003
004610 000003
004611 000002
004612 000001
004613 000002
004614 000003
004615 000001
004616 000003
004617 000004
004619 000002
004621 000001
004622 000001
004623 000003
004624 000001
004625 000002
004626 000001
004627 000002
004628 000002
004629 000001
004633 000001
004634 000001
004635 000001
004640 000002
004641 000001
004646 000002
004647 000002
004649 000001
004651 000001
004653 000001
004654 000001
004655 000001
004656 000002
004658 000001
004659 000001
004660 000001
004665 000001
004666 000002
004671 000001
004672 000001
004676 000002
004677 000001
004680 000001
004681 000002
004684 000002
004685 000003
004686 000002
004688 000002
004690 000001
004692 000001
004695 000001
004696 000001
004697 000001
004699 000003
004701 000001
004702 000001
004703 000002
004704 000001
004705 000003
004708 000001
004709 000002
004711 000003
004713 000003
004714 000001
004715 000001
004716 000001
004717 000001
004718 000003
004719 000001
004720 000002
004722 000001
004723 000002
004725 000001
004729 000002
004730 000003
004732 000001
004733 000001
004734 000001
004735 000001
004736 000001
004737 000002
004740 000002
004745 000001
004746 000001
004747 000002
004753 000001
004756 000002
004757 000001
004758 000001
004759 000001
004760 000001
004761 000002
004767 000001
004771 000001
004772 000001
004776 000001
004778 000001
004795 000001
004803 000001
004806 000001
004813 000001
004826 000001
004827 000001
004829 000001
004840 000001
004841 000001
004844 000001
004852 000001
004859 000001
004863 000001
004872 000001
004876 000001
004879 000002
004883 000001
004895 000001
004903 000001
004938 000001
004941 000001
004943 000001
004946 000001
004953 000001
004960 000001
004963 000001
004965 000001
004966 000001
004967 000001
004994 000001
005062 000001
005379 000001
005388 000001
005413 000001
005440 000001
005484 000001
005538 000001
005545 000001
005546 000002
005550 000001
005551 000001
005552 000001
005554 000002
005556 000001
005559 000001
005561 000002
005562 000001
005567 000001
005568 000002
005569 000001
005571 000001
005572 000001
005573 000001
005575 000001
005576 000004
005577 000001
005578 000003
005579 000002
005581 000001
005582 000001
005583 000001
005584 000001
005585 000004
005586 000003
005588 000005
005589 000004
005591 000001
005592 000003
005593 000003
005594 000002
005595 000001
005596 000006
005597 000001
005598 000001
005599 000002
005600 000005
005601 000001
005602 000001
005603 000003
005604 000001
005605 000001
005607 000001
005608 000001
005609 000003
005610 000001
005611 000003
005613 000002
005614 000002
005615 000001
005616 000001
005618 000002
005620 000002
005622 000002
005625 000002
005626 000002
005627 000001
005628 000001
005629 000001
005630 000001
005635 000001
005637 000002
005638 000003
005641 000001
005644 000002
005646 000001
005647 000001
005649 000001
005650 000001
005654 000002
005656 000001
005662 000001
005664 000001
005665 000001
005666 000002
005667 000001
005669 000001
005672 000001
005673 000001
005683 000001
005688 000001
005690 000001
005691 000001
005692 000001
005694 000001
005695 000001
005696 000001
005697 000001
005701 000002
005702 000001
005703 000001
005704 000002
005707 000002
005708 000002
005710 000001
005711 000002
005712 000001
005715 000002
005717 000001
005719 000002
005720 000001
005723 000002
005724 000001
005725 000001
005726 000002
005728 000001
005729 000001
005731 000001
005732 000001
005733 000002
005736 000004
005737 000001
005739 000001
005740 000001
005742 000002
005743 000001
005745 000001
005749 000001
005751 000001
005753 000001
005755 000001
005768 000001
005783 000001
005798 000001
005809 000001
005826 000001
005848 000001
005849 000001
005851 000001
005859 000001
005869 000001
005873 000001
005877 000001
005883 000001
005887 000001
005901 000001
005923 000001
005933 000001
005943 000001
005955 000001
005991 000001
005993 000002
006037 000001
006043 000001
006131 000001
006428 000001
006454 000001
006458 000001
006465 000001
006510 000001
006535 000001
006540 000001
006544 000002
006555 000001
006560 000001
006563 000002
006565 000001
006566 000002
006567 000003
006569 000001
006571 000002
006572 000002
006573 000001
006574 000001
006577 000001
006578 000001
006580 000002
006582 000001
006583 000001
006585 000002
006587 000001
006588 000003
006590 000001
006593 000003
006594 000003
006595 000001
006596 000003
006597 000002
006598 000003
006600 000003
006601 000001
006602 000004
006604 000001
006605 000003
006607 000002
006608 000001
006609 000002
006610 000005
006611 000002
006612 000001
006613 000001
006614 000005
006616 000001
006617 000001
006618 000003
006619 000001
006620 000001
006621 000001
006622 000003
006623 000003
006624 000002
006626 000001
006630 000001
006632 000002
006634 000003
006635 000001
006638 000001
006639 000002
006643 000001
006644 000002
006645 000002
006647 000001
006648 000001
006650 000002
006654 000002
006657 000001
006658 000001
006659 000004
006664 000002
006666 000001
006667 000003
006668 000001
006673 000001
006678 000001
006679 000001
006680 000001
006682 000001
006685 000001
006686 000001
006687 000002
006688 000001
006689 000001
006694 000001
006695 000002
006696 000001
006699 000001
006700 000001
006702 000001
006703 000001
006706 000004
006708 000004
006709 000001
006710 000002
006711 000004
006712 000001
006713 000002
006714 000001
006715 000002
006716 000001
006717 000001
006718 000001
006719 000001
006720 000001
006721 000001
006722 000001
006727 000003
006728 000001
006730 000002
006732 000001
006734 000001
006736 000002
006737 000001
006738 000001
006741 000001
006744 000001
006746 000001
006747 000002
006748 000001
006749 000002
006752 000001
006753 000001
006760 000001
006761 000001
006764 000002
006766 000001
006768 000001
006776 000001
006779 000001
006781 000001
006789 000001
006796 000001
006801 000001
006807 000002
006808 000001
006815 000001
006825 000001
006827 000001
006845 000001
006849 000001
006863 000002
006864 000001
006865 000001
006870 000002
006872 000001
006898 000001
006906 000001
006917 000001
006933 000001
006935 000001
006937 000001
006941 000001
006947 000001
006951 000001
006969 000001
007000 000001
007034 000001
007043 000001
007274 000001
007306 000001
007307 000001
007325 000001
007436 000001
007450 000001
007556 000001
007561 000001
007565 000001
007568 000001
007574 000001
007576 000001
007577 000001
007581 000001
007582 000001
007585 000002
007589 000001
007591 000001
007592 000002
007593 000004
007595 000002
007597 000001
007598 000001
007599 000004
007601 000003
007603 000003
007605 000003
007608 000001
007609 000002
007610 000003
007611 000002
007613 000002
007614 000001
007615 000002
007616 000003
007618 000005
007620 000001
007621 000001
007622 000002
007623 000002
007624 000001
007626 000003
007628 000002
007629 000001
007631 000002
007632 000002
007633 000002
007634 000003
007637 000001
007642 000001
007646 000003
007647 000002
007648 000001
007651 000001
007656 000001
007657 000002
007658 000001
007661 000002
007664 000001
007665 000001
007668 000001
007669 000001
007677 000001
007680 000001
007685 000002
007686 000001
007687 000003
007689 000001
007690 000001
007692 000001
007693 000001
007694 000002
007697 000002
007698 000001
007699 000001
007700 000001
007706 000003
007707 000001
007708 000002
007712 000001
007713 000001
007715 000001
007716 000001
007717 000001
007718 000001
007719 000003
007721 000001
007724 000001
007725 000002
007726 000001
007727 000002
007728 000002
007729 000003
007730 000002
007731 000003
007732 000001
007733 000001
007734 000001
007737 000001
007739 000002
007741 000001
007744 000001
007745 000002
007747 000001
007748 000001
007750 000001
007751 000001
007752 000001
007754 000001
007758 000001
007763 000001
007764 000001
007765 000001
007771 000002
007785 000002
007788 000001
007791 000001
007800 000001
007804 000001
007810 000001
007814 000001
007827 000001
007832 000001
007859 000002
007862 000001
007872 000001
007877 000001
007892 000001
007904 000001
007938 000001
007961 000001
007965 000001
007970 000001
007977 000001
007978 000001
007983 000001
008093 000001
008105 000001
008133 000001
008137 000001
008201 000002
008353 000001
008557 000001
008568 000001
008573 000001
008575 000001
008577 000001
008579 000002
008581 000004
008582 000001
008584 000001
008588 000001
008589 000001
008593 000001
008596 000001
008597 000002
008604 000001
008606 000001
008607 000002
008609 000002
008611 000001
008616 000003
008617 000001
008618 000001
008621 000003
008622 000003
008624 000004
008627 000001
008629 000001
008630 000001
008631 000002
008633 000002
008634 000002
008637 000001
008638 000002
008640 000002
008642 000001
008644 000001
008647 000002
008653 000001
008654 000002
008655 000004
008656 000002
008659 000003
008660 000001
008661 000001
008664 000002
008666 000002
008669 000001
008671 000001
008672 000001
008673 000002
008677 000001
008678 000001
008680 000001
008681 000002
008682 000002
008683 000001
008684 000002
008685 000003
008687 000001
008688 000002
008689 000002
008690 000001
008694 000001
008695 000001
008696 000003
008697 000001
008698 000002
008699 000003
008701 000001
008703 000003
008704 000001
008705 000002
008706 000001
008707 000004
008708 000001
008709 000003
008710 000004
008711 000001
008714 000002
008715 000001
008716 000001
008719 000001
008720 000003
008721 000002
008722 000003
008723 000002
008724 000002
008725 000003
008727 000002
008728 000003
008731 000001
008732 000001
008733 000002
008734 000003
008735 000001
008737 000001
008739 000001
008741 000003
008742 000001
008744 000002
008745 000003
008746 000002
008747 000001
008749 000001
008750 000001
008751 000001
008752 000002
008753 000003
008754 000001
008758 000002
008761 000001
008762 000001
008763 000001
008764 000001
008765 000001
008770 000001
008771 000001
008776 000001
008779 000001
008780 000002
008781 000001
008782 000001
008791 000001
008794 000001
008795 000001
008799 000001
008811 000001
008813 000001
008814 000001
008825 000001
008831 000001
008832 000001
008835 000001
008836 000001
008837 000001
008839 000001
008844 000001
008849 000001
008850 000001
008855 000001
008856 000001
008859 000001
008862 000001
008897 000001
008928 000001
008943 000001
008950 000001
008952 000002
008961 000001
008969 000001
008977 000001
008980 000001
008986 000001
008994 000001
009010 000001
009097 000001
009101 000001
009114 000001
009132 000001
009256 000001
009305 000001
009516 000001
009564 000001
009566 000001
009573 000001
009574 000001
009607 000001
009609 000001
009611 000001
009613 000001
009614 000001
009615 000001
009622 000001
009628 000001
009631 000001
009637 000002
009645 000001
009646 000001
009648 000001
009649 000001
009656 000001
009657 000001
009665 000001
009667 000001
009668 000001
009670 000001
009675 000001
009676 000001
009677 000001
009680 000003
009681 000001
009682 000002
009683 000001
009684 000001
009685 000001
009686 000002
009687 000003
009689 000001
009690 000001
009691 000002
009693 000001
009695 000002
009698 000003
009699 000001
009700 000002
009701 000001
009702 000003
009703 000003
009704 000001
009705 000001
009707 000001
009708 000002
009709 000002
009710 000001
009711 000002
009712 000004
009713 000002
009714 000002
009715 000002
009716 000003
009717 000001
009718 000004
009719 000001
009720 000002
009722 000001
009723 000003
009725 000004
009726 000001
009727 000001
009728 000003
009729 000001
009730 000002
009731 000002
009732 000001
009733 000001
009734 000001
009735 000002
009737 000001
009740 000003
009743 000001
009744 000001
009747 000002
009750 000002
009753 000001
009756 000001
009763 000001
009771 000001
009780 000001
009783 000001
009784 000001
009786 000001
009787 000001
009788 000002
009796 000001
009799 000001
009807 000001
009808 000001
009827 000001
009833 000002
009851 000001
009858 000001
009859 000001
009874 000001
009882 000001
009893 000001
009894 000001
009895 000001
009904 000001
009911 000001
009913 000001
009916 000001
009933 000001
009937 000001
009945 000001
009949 000001
009967 000001
009971 000001
009975 000001
009991 000001
010009 000001
010015 000001
010035 000001
010074 000001
010080 000001
010328 000001
010565 000001
010576 000001
010583 000001
010584 000001
010587 000001
010592 000001
010601 000001
010612 000001
010619 000001
010620 000001
010650 000001
010660 000001
010664 000001
010667 000001
010674 000001
010676 000001
010682 000001
010690 000001
010694 000001
010697 000001
010702 000001
010705 000002
010706 000001
010708 000001
010709 000001
010710 000001
010712 000002
010715 000001
010718 000002
010722 000001
010723 000001
010724 000001
010725 000002
010726 000002
010731 000001
010733 000001
010736 000002
010738 000001
010742 000001
010745 000001
010746 000001
010751 000001
010756 000001
010757 000001
010760 000001
010765 000001
010768 000001
010771 000001
010778 000001
010779 000001
010782 000001
010784 000001
010796 000001
010801 000002
010813 000001
010828 000002
010834 000001
010842 000001
010849 000001
010856 000001
010914 000001
010917 000001
010978 000001
010989 000001
011021 000001
011050 000001
# Min Latencies: 00159
# Avg Latencies: 00544
# Max Latencies: 303985
# Histogram Overflows: 00013
# Histogram Overflow at cycle number:
# Thread 0: 01062 01555 03934 07597 07873 08150 08436 08709 08987 09262 09542 10839 13217

RT_CYCLICTEST_TIMING_END uptime_s=947.87
RT_CYCLICTEST_COMPLETE
RT_CPUSTAT sample=0 cpu=cpu0 user=3 nice=0 system=218 idle=2474 iowait=0 irq=19 softirq=1 steal=0
RT_CPUSTAT sample=0 cpu=cpu1 user=0 nice=0 system=1 idle=2864 iowait=0 irq=30 softirq=0 steal=0
RT_CPUSTAT sample=1 cpu=cpu0 user=5 nice=0 system=219 idle=2970 iowait=0 irq=20 softirq=2 steal=0
RT_CPUSTAT sample=1 cpu=cpu1 user=0 nice=0 system=7 idle=3226 iowait=0 irq=134 softirq=0 steal=0
RT_CPUSTAT sample=2 cpu=cpu0 user=5 nice=0 system=221 idle=3468 iowait=0 irq=21 softirq=2 steal=0
RT_CPUSTAT sample=2 cpu=cpu1 user=1 nice=0 system=10 idle=3589 iowait=0 irq=211 softirq=0 steal=0
RT_CPUSTAT sample=3 cpu=cpu0 user=5 nice=0 system=222 idle=3966 iowait=0 irq=22 softirq=2 steal=0
RT_CPUSTAT sample=3 cpu=cpu1 user=2 nice=0 system=12 idle=3998 iowait=0 irq=274 softirq=0 steal=0
RT_CPUSTAT sample=4 cpu=cpu0 user=5 nice=0 system=224 idle=4463 iowait=0 irq=23 softirq=2 steal=0
RT_CPUSTAT sample=4 cpu=cpu1 user=2 nice=0 system=14 idle=4374 iowait=0 irq=359 softirq=0 steal=0
RT_CPUSTAT sample=5 cpu=cpu0 user=5 nice=0 system=225 idle=4962 iowait=0 irq=24 softirq=2 steal=0
RT_CPUSTAT sample=5 cpu=cpu1 user=3 nice=0 system=17 idle=4746 iowait=0 irq=449 softirq=0 steal=0
RT_CPUSTAT sample=6 cpu=cpu0 user=6 nice=0 system=227 idle=5459 iowait=0 irq=25 softirq=3 steal=0
RT_CPUSTAT sample=6 cpu=cpu1 user=4 nice=0 system=20 idle=5117 iowait=0 irq=538 softirq=0 steal=0
RT_CPUSTAT sample=7 cpu=cpu0 user=6 nice=0 system=228 idle=5958 iowait=0 irq=26 softirq=3 steal=0
RT_CPUSTAT sample=7 cpu=cpu1 user=4 nice=0 system=25 idle=5487 iowait=0 irq=628 softirq=1 steal=0
RT_CPUSTAT sample=8 cpu=cpu0 user=6 nice=0 system=230 idle=6455 iowait=0 irq=27 softirq=3 steal=0
RT_CPUSTAT sample=8 cpu=cpu1 user=5 nice=0 system=29 idle=5855 iowait=0 irq=720 softirq=1 steal=0
RT_CPUSTAT sample=9 cpu=cpu0 user=6 nice=0 system=231 idle=6954 iowait=0 irq=27 softirq=3 steal=0
RT_CPUSTAT sample=9 cpu=cpu1 user=6 nice=0 system=32 idle=6225 iowait=0 irq=811 softirq=1 steal=0
RT_CPUSTAT sample=10 cpu=cpu0 user=7 nice=0 system=232 idle=7452 iowait=0 irq=28 softirq=3 steal=0
RT_CPUSTAT sample=10 cpu=cpu1 user=7 nice=0 system=35 idle=6595 iowait=0 irq=900 softirq=1 steal=0
RT_CPUSTAT sample=11 cpu=cpu0 user=7 nice=0 system=233 idle=7951 iowait=0 irq=29 softirq=3 steal=0
RT_CPUSTAT sample=11 cpu=cpu1 user=8 nice=0 system=37 idle=6965 iowait=0 irq=990 softirq=1 steal=0
RT_CPUSTAT sample=12 cpu=cpu0 user=7 nice=0 system=235 idle=8448 iowait=0 irq=30 softirq=4 steal=0
RT_CPUSTAT sample=12 cpu=cpu1 user=8 nice=0 system=41 idle=7336 iowait=0 irq=1081 softirq=1 steal=0
RT_CPUSTAT sample=13 cpu=cpu0 user=7 nice=0 system=236 idle=8947 iowait=0 irq=31 softirq=4 steal=0
RT_CPUSTAT sample=13 cpu=cpu1 user=9 nice=0 system=42 idle=7706 iowait=0 irq=1170 softirq=1 steal=0
RT_CPUSTAT sample=14 cpu=cpu0 user=7 nice=0 system=237 idle=9444 iowait=0 irq=32 softirq=4 steal=0
RT_CPUSTAT sample=14 cpu=cpu1 user=10 nice=0 system=44 idle=8076 iowait=0 irq=1260 softirq=2 steal=0
RT_CPUSTAT sample=15 cpu=cpu0 user=7 nice=0 system=238 idle=9943 iowait=0 irq=33 softirq=4 steal=0
RT_CPUSTAT sample=15 cpu=cpu1 user=11 nice=0 system=46 idle=8446 iowait=0 irq=1350 softirq=2 steal=0
RT_CPUSTAT sample=16 cpu=cpu0 user=7 nice=0 system=240 idle=10441 iowait=0 irq=34 softirq=4 steal=0
RT_CPUSTAT sample=16 cpu=cpu1 user=12 nice=0 system=49 idle=8815 iowait=0 irq=1441 softirq=2 steal=0
RT_CPUSTAT sample=17 cpu=cpu0 user=8 nice=0 system=241 idle=10939 iowait=0 irq=35 softirq=4 steal=0
RT_CPUSTAT sample=17 cpu=cpu1 user=13 nice=0 system=52 idle=9183 iowait=0 irq=1531 softirq=2 steal=0
RT_CPUSTAT sample=18 cpu=cpu0 user=8 nice=0 system=242 idle=11437 iowait=0 irq=36 softirq=5 steal=0
RT_CPUSTAT sample=18 cpu=cpu1 user=13 nice=0 system=55 idle=9553 iowait=0 irq=1621 softirq=2 steal=0
RT_CPUSTAT sample=19 cpu=cpu0 user=8 nice=0 system=244 idle=11935 iowait=0 irq=37 softirq=5 steal=0
RT_CPUSTAT sample=19 cpu=cpu1 user=14 nice=0 system=57 idle=9923 iowait=0 irq=1711 softirq=2 steal=0
RT_CPUSTAT sample=20 cpu=cpu0 user=9 nice=0 system=246 idle=12433 iowait=0 irq=38 softirq=5 steal=0
RT_CPUSTAT sample=20 cpu=cpu1 user=14 nice=0 system=60 idle=10298 iowait=0 irq=1797 softirq=2 steal=0
RT_CPUSTAT sample=21 cpu=cpu0 user=9 nice=0 system=247 idle=12932 iowait=0 irq=39 softirq=5 steal=0
RT_CPUSTAT sample=21 cpu=cpu1 user=15 nice=0 system=64 idle=10666 iowait=0 irq=1888 softirq=2 steal=0
RT_CPUSTAT sample=22 cpu=cpu0 user=9 nice=0 system=248 idle=13429 iowait=0 irq=40 softirq=5 steal=0
RT_CPUSTAT sample=22 cpu=cpu1 user=16 nice=0 system=68 idle=11036 iowait=0 irq=1978 softirq=3 steal=0
RT_CPUSTAT sample=23 cpu=cpu0 user=10 nice=0 system=249 idle=13928 iowait=0 irq=41 softirq=5 steal=0
RT_CPUSTAT sample=23 cpu=cpu1 user=16 nice=0 system=70 idle=11408 iowait=0 irq=2066 softirq=3 steal=0
RT_CPUSTAT sample=24 cpu=cpu0 user=10 nice=0 system=251 idle=14425 iowait=0 irq=42 softirq=6 steal=0
RT_CPUSTAT sample=24 cpu=cpu1 user=17 nice=0 system=72 idle=11779 iowait=0 irq=2155 softirq=3 steal=0
RT_CPUSTAT sample=25 cpu=cpu0 user=10 nice=0 system=252 idle=14924 iowait=0 irq=42 softirq=6 steal=0
RT_CPUSTAT sample=25 cpu=cpu1 user=17 nice=0 system=73 idle=12151 iowait=0 irq=2243 softirq=3 steal=0
RT_CPUSTAT sample=26 cpu=cpu0 user=10 nice=0 system=254 idle=15421 iowait=0 irq=44 softirq=6 steal=0
RT_CPUSTAT sample=26 cpu=cpu1 user=18 nice=0 system=74 idle=12520 iowait=0 irq=2334 softirq=3 steal=0
RT_CPUSTAT sample=27 cpu=cpu0 user=10 nice=0 system=254 idle=15920 iowait=0 irq=44 softirq=6 steal=0
RT_CPUSTAT sample=27 cpu=cpu1 user=19 nice=0 system=78 idle=12890 iowait=0 irq=2424 softirq=3 steal=0
RT_CPUSTAT sample=28 cpu=cpu0 user=11 nice=0 system=256 idle=16417 iowait=0 irq=45 softirq=6 steal=0
RT_CPUSTAT sample=28 cpu=cpu1 user=19 nice=0 system=83 idle=13259 iowait=0 irq=2514 softirq=4 steal=0
RT_CPUSTAT sample=29 cpu=cpu0 user=11 nice=0 system=257 idle=16916 iowait=0 irq=46 softirq=7 steal=0
RT_CPUSTAT sample=29 cpu=cpu1 user=20 nice=0 system=85 idle=13628 iowait=0 irq=2603 softirq=4 steal=0
RT_CPUSTAT sample=30 cpu=cpu0 user=11 nice=0 system=258 idle=17414 iowait=0 irq=47 softirq=7 steal=0
RT_CPUSTAT sample=30 cpu=cpu1 user=21 nice=0 system=87 idle=13999 iowait=0 irq=2692 softirq=4 steal=0
RT_CPUSTAT sample=31 cpu=cpu0 user=11 nice=0 system=260 idle=17913 iowait=0 irq=48 softirq=7 steal=0
RT_CPUSTAT sample=31 cpu=cpu1 user=22 nice=0 system=90 idle=14371 iowait=0 irq=2781 softirq=4 steal=0
RT_CPUSTAT sample=32 cpu=cpu0 user=11 nice=0 system=261 idle=18410 iowait=0 irq=49 softirq=7 steal=0
RT_CPUSTAT sample=32 cpu=cpu1 user=23 nice=0 system=93 idle=14742 iowait=0 irq=2869 softirq=4 steal=0
RT_CPUSTAT sample=33 cpu=cpu0 user=11 nice=0 system=262 idle=18909 iowait=0 irq=50 softirq=7 steal=0
RT_CPUSTAT sample=33 cpu=cpu1 user=23 nice=0 system=94 idle=15115 iowait=0 irq=2957 softirq=4 steal=0
RT_CPUSTAT sample=34 cpu=cpu0 user=11 nice=0 system=264 idle=19406 iowait=0 irq=51 softirq=8 steal=0
RT_CPUSTAT sample=34 cpu=cpu1 user=24 nice=0 system=96 idle=15486 iowait=0 irq=3046 softirq=4 steal=0
RT_CPUSTAT sample=35 cpu=cpu0 user=12 nice=0 system=265 idle=19905 iowait=0 irq=52 softirq=8 steal=0
RT_CPUSTAT sample=35 cpu=cpu1 user=24 nice=0 system=97 idle=15859 iowait=0 irq=3134 softirq=5 steal=0
RT_CPUSTAT sample=36 cpu=cpu0 user=12 nice=0 system=266 idle=20402 iowait=0 irq=53 softirq=8 steal=0
RT_CPUSTAT sample=36 cpu=cpu1 user=24 nice=0 system=99 idle=16230 iowait=0 irq=3222 softirq=5 steal=0
RT_CPUSTAT sample=37 cpu=cpu0 user=12 nice=0 system=267 idle=20901 iowait=0 irq=54 softirq=8 steal=0
RT_CPUSTAT sample=37 cpu=cpu1 user=25 nice=0 system=101 idle=16598 iowait=0 irq=3314 softirq=5 steal=0
RT_CPUSTAT sample=38 cpu=cpu0 user=12 nice=0 system=269 idle=21398 iowait=0 irq=55 softirq=8 steal=0
RT_CPUSTAT sample=38 cpu=cpu1 user=25 nice=0 system=103 idle=16970 iowait=0 irq=3401 softirq=5 steal=0
RT_CPUSTAT sample=39 cpu=cpu0 user=12 nice=0 system=270 idle=21897 iowait=0 irq=56 softirq=8 steal=0
RT_CPUSTAT sample=39 cpu=cpu1 user=26 nice=0 system=105 idle=17341 iowait=0 irq=3490 softirq=5 steal=0
RT_CPUSTAT sample=40 cpu=cpu0 user=13 nice=0 system=271 idle=22394 iowait=0 irq=57 softirq=9 steal=0
RT_CPUSTAT sample=40 cpu=cpu1 user=27 nice=0 system=109 idle=17709 iowait=0 irq=3582 softirq=5 steal=0
RT_CPUSTAT sample=41 cpu=cpu0 user=13 nice=0 system=272 idle=22893 iowait=0 irq=58 softirq=9 steal=0
RT_CPUSTAT sample=41 cpu=cpu1 user=29 nice=0 system=112 idle=18079 iowait=0 irq=3672 softirq=5 steal=0
RT_CPUSTAT sample=42 cpu=cpu0 user=13 nice=0 system=274 idle=23391 iowait=0 irq=59 softirq=9 steal=0
RT_CPUSTAT sample=42 cpu=cpu1 user=29 nice=0 system=115 idle=18450 iowait=0 irq=3760 softirq=6 steal=0
RT_CPUSTAT sample=43 cpu=cpu0 user=13 nice=0 system=275 idle=23890 iowait=0 irq=59 softirq=9 steal=0
RT_CPUSTAT sample=43 cpu=cpu1 user=30 nice=0 system=117 idle=18825 iowait=0 irq=3847 softirq=6 steal=0
RT_CPUSTAT sample=44 cpu=cpu0 user=14 nice=0 system=276 idle=24387 iowait=0 irq=60 softirq=9 steal=0
RT_CPUSTAT sample=44 cpu=cpu1 user=31 nice=0 system=119 idle=19195 iowait=0 irq=3936 softirq=6 steal=0
RT_CPUSTAT sample=45 cpu=cpu0 user=14 nice=0 system=277 idle=24886 iowait=0 irq=61 softirq=9 steal=0
RT_CPUSTAT sample=45 cpu=cpu1 user=32 nice=0 system=124 idle=19564 iowait=0 irq=4026 softirq=6 steal=0
RT_CPUSTAT sample=46 cpu=cpu0 user=15 nice=0 system=279 idle=25383 iowait=0 irq=62 softirq=10 steal=0
RT_CPUSTAT sample=46 cpu=cpu1 user=33 nice=0 system=128 idle=19932 iowait=0 irq=4118 softirq=6 steal=0
RT_CPUSTAT sample=47 cpu=cpu0 user=15 nice=0 system=280 idle=25882 iowait=0 irq=63 softirq=10 steal=0
RT_CPUSTAT sample=47 cpu=cpu1 user=34 nice=0 system=133 idle=20299 iowait=0 irq=4210 softirq=6 steal=0
RT_CPUSTAT sample=48 cpu=cpu0 user=15 nice=0 system=281 idle=26379 iowait=0 irq=64 softirq=10 steal=0
RT_CPUSTAT sample=48 cpu=cpu1 user=35 nice=0 system=136 idle=20669 iowait=0 irq=4300 softirq=6 steal=0
RT_CPUSTAT sample=49 cpu=cpu0 user=15 nice=0 system=282 idle=26878 iowait=0 irq=65 softirq=10 steal=0
RT_CPUSTAT sample=49 cpu=cpu1 user=36 nice=0 system=138 idle=21038 iowait=0 irq=4391 softirq=7 steal=0
RT_CPUSTAT sample=50 cpu=cpu0 user=16 nice=0 system=284 idle=27375 iowait=0 irq=66 softirq=10 steal=0
RT_CPUSTAT sample=50 cpu=cpu1 user=37 nice=0 system=140 idle=21411 iowait=0 irq=4478 softirq=7 steal=0
RT_CPUSTAT sample=51 cpu=cpu0 user=16 nice=0 system=285 idle=27874 iowait=0 irq=67 softirq=11 steal=0
RT_CPUSTAT sample=51 cpu=cpu1 user=37 nice=0 system=143 idle=21781 iowait=0 irq=4568 softirq=7 steal=0
RT_CPUSTAT sample=52 cpu=cpu0 user=16 nice=0 system=287 idle=28372 iowait=0 irq=68 softirq=11 steal=0
RT_CPUSTAT sample=52 cpu=cpu1 user=39 nice=0 system=147 idle=22150 iowait=0 irq=4660 softirq=7 steal=0
RT_CPUSTAT sample=53 cpu=cpu0 user=17 nice=0 system=287 idle=28870 iowait=0 irq=69 softirq=11 steal=0
RT_CPUSTAT sample=53 cpu=cpu1 user=39 nice=0 system=151 idle=22520 iowait=0 irq=4749 softirq=7 steal=0
RT_CPUSTAT sample=54 cpu=cpu0 user=17 nice=0 system=290 idle=29367 iowait=0 irq=70 softirq=11 steal=0
RT_CPUSTAT sample=54 cpu=cpu1 user=40 nice=0 system=152 idle=22891 iowait=0 irq=4837 softirq=7 steal=0
RT_CPUSTAT sample=55 cpu=cpu0 user=17 nice=0 system=290 idle=29866 iowait=0 irq=71 softirq=11 steal=0
RT_CPUSTAT sample=55 cpu=cpu1 user=40 nice=0 system=154 idle=23263 iowait=0 irq=4926 softirq=7 steal=0
RT_CPUSTAT sample=56 cpu=cpu0 user=17 nice=0 system=291 idle=30364 iowait=0 irq=72 softirq=11 steal=0
RT_CPUSTAT sample=56 cpu=cpu1 user=40 nice=0 system=157 idle=23636 iowait=0 irq=5013 softirq=8 steal=0
RT_CPUSTAT sample=57 cpu=cpu0 user=17 nice=0 system=292 idle=30862 iowait=0 irq=73 softirq=12 steal=0
RT_CPUSTAT sample=57 cpu=cpu1 user=41 nice=0 system=160 idle=24006 iowait=0 irq=5102 softirq=8 steal=0
RT_CPUSTAT sample=58 cpu=cpu0 user=17 nice=0 system=294 idle=31359 iowait=0 irq=74 softirq=12 steal=0
RT_CPUSTAT sample=58 cpu=cpu1 user=43 nice=0 system=165 idle=24373 iowait=0 irq=5194 softirq=8 steal=0
RT_CPUSTAT sample=59 cpu=cpu0 user=18 nice=0 system=295 idle=31858 iowait=0 irq=75 softirq=12 steal=0
RT_CPUSTAT sample=59 cpu=cpu1 user=44 nice=0 system=167 idle=24742 iowait=0 irq=5285 softirq=8 steal=0
RT_CPUSTAT sample=60 cpu=cpu0 user=18 nice=0 system=296 idle=32356 iowait=0 irq=76 softirq=12 steal=0
RT_CPUSTAT sample=60 cpu=cpu1 user=44 nice=0 system=168 idle=25114 iowait=0 irq=5373 softirq=8 steal=0
RT_CPUSTAT sample=61 cpu=cpu0 user=19 nice=0 system=297 idle=32854 iowait=0 irq=77 softirq=12 steal=0
RT_CPUSTAT sample=61 cpu=cpu1 user=44 nice=0 system=169 idle=25487 iowait=0 irq=5461 softirq=8 steal=0
RT_CPUSTAT sample=62 cpu=cpu0 user=19 nice=0 system=299 idle=33352 iowait=0 irq=78 softirq=13 steal=0
RT_CPUSTAT sample=62 cpu=cpu1 user=44 nice=0 system=171 idle=25857 iowait=0 irq=5552 softirq=8 steal=0
RT_CPUSTAT sample=63 cpu=cpu0 user=19 nice=0 system=300 idle=33851 iowait=0 irq=79 softirq=13 steal=0
RT_CPUSTAT sample=63 cpu=cpu1 user=44 nice=0 system=172 idle=26227 iowait=0 irq=5641 softirq=9 steal=0
RT_CPUSTAT sample=64 cpu=cpu0 user=19 nice=0 system=301 idle=34348 iowait=0 irq=80 softirq=13 steal=0
RT_CPUSTAT sample=64 cpu=cpu1 user=45 nice=0 system=176 idle=26596 iowait=0 irq=5732 softirq=9 steal=0
RT_CPUSTAT sample=65 cpu=cpu0 user=20 nice=0 system=302 idle=34847 iowait=0 irq=81 softirq=13 steal=0
RT_CPUSTAT sample=65 cpu=cpu1 user=47 nice=0 system=179 idle=26964 iowait=0 irq=5823 softirq=9 steal=0
RT_CPUSTAT sample=66 cpu=cpu0 user=20 nice=0 system=304 idle=35344 iowait=0 irq=82 softirq=13 steal=0
RT_CPUSTAT sample=66 cpu=cpu1 user=47 nice=0 system=182 idle=27336 iowait=0 irq=5912 softirq=9 steal=0
RT_CPUSTAT sample=67 cpu=cpu0 user=20 nice=0 system=304 idle=35843 iowait=0 irq=83 softirq=14 steal=0
RT_CPUSTAT sample=67 cpu=cpu1 user=48 nice=0 system=184 idle=27707 iowait=0 irq=6001 softirq=9 steal=0
RT_CPUSTAT sample=68 cpu=cpu0 user=20 nice=0 system=306 idle=36340 iowait=0 irq=84 softirq=14 steal=0
RT_CPUSTAT sample=68 cpu=cpu1 user=48 nice=0 system=187 idle=28074 iowait=0 irq=6092 softirq=9 steal=0
RT_CPUSTAT sample=69 cpu=cpu0 user=20 nice=0 system=307 idle=36839 iowait=0 irq=84 softirq=14 steal=0
RT_CPUSTAT sample=69 cpu=cpu1 user=50 nice=0 system=189 idle=28443 iowait=0 irq=6183 softirq=9 steal=0
RT_CPUSTAT sample=70 cpu=cpu0 user=21 nice=0 system=309 idle=37336 iowait=0 irq=86 softirq=14 steal=0
RT_CPUSTAT sample=70 cpu=cpu1 user=51 nice=0 system=192 idle=28811 iowait=0 irq=6275 softirq=10 steal=0
RT_CPUSTAT sample=71 cpu=cpu0 user=21 nice=0 system=310 idle=37835 iowait=0 irq=87 softirq=14 steal=0
RT_CPUSTAT sample=71 cpu=cpu1 user=52 nice=0 system=193 idle=29183 iowait=0 irq=6363 softirq=10 steal=0
RT_CPUSTAT sample=72 cpu=cpu0 user=22 nice=0 system=311 idle=38332 iowait=0 irq=88 softirq=14 steal=0
RT_CPUSTAT sample=72 cpu=cpu1 user=52 nice=0 system=195 idle=29551 iowait=0 irq=6454 softirq=10 steal=0
RT_CPUSTAT sample=73 cpu=cpu0 user=22 nice=0 system=313 idle=38830 iowait=0 irq=89 softirq=15 steal=0
RT_CPUSTAT sample=73 cpu=cpu1 user=53 nice=0 system=199 idle=29920 iowait=0 irq=6545 softirq=10 steal=0
RT_CPUSTAT sample=74 cpu=cpu0 user=22 nice=0 system=314 idle=39328 iowait=0 irq=90 softirq=15 steal=0
RT_CPUSTAT sample=74 cpu=cpu1 user=55 nice=0 system=202 idle=30288 iowait=0 irq=6636 softirq=10 steal=0
RT_CPUSTAT sample=75 cpu=cpu0 user=23 nice=0 system=315 idle=39827 iowait=0 irq=91 softirq=15 steal=0
RT_CPUSTAT sample=75 cpu=cpu1 user=58 nice=0 system=205 idle=30653 iowait=0 irq=6728 softirq=10 steal=0
RT_CPUSTAT sample=76 cpu=cpu0 user=23 nice=0 system=316 idle=40324 iowait=0 irq=92 softirq=15 steal=0
RT_CPUSTAT sample=76 cpu=cpu1 user=58 nice=0 system=206 idle=31023 iowait=0 irq=6818 softirq=10 steal=0
RT_CPUSTAT sample=77 cpu=cpu0 user=23 nice=0 system=317 idle=40823 iowait=0 irq=93 softirq=15 steal=0
RT_CPUSTAT sample=77 cpu=cpu1 user=59 nice=0 system=211 idle=31391 iowait=0 irq=6909 softirq=11 steal=0
RT_CPUSTAT sample=78 cpu=cpu0 user=24 nice=0 system=318 idle=41320 iowait=0 irq=94 softirq=16 steal=0
RT_CPUSTAT sample=78 cpu=cpu1 user=59 nice=0 system=214 idle=31761 iowait=0 irq=6998 softirq=11 steal=0
RT_CPUSTAT sample=79 cpu=cpu0 user=24 nice=0 system=320 idle=41819 iowait=0 irq=94 softirq=16 steal=0
RT_CPUSTAT sample=79 cpu=cpu1 user=61 nice=0 system=218 idle=32129 iowait=0 irq=7089 softirq=11 steal=0
RT_CPUSTAT sample=80 cpu=cpu0 user=24 nice=0 system=321 idle=42316 iowait=0 irq=96 softirq=16 steal=0
RT_CPUSTAT sample=80 cpu=cpu1 user=62 nice=0 system=222 idle=32498 iowait=0 irq=7179 softirq=11 steal=0
RT_CPUSTAT sample=81 cpu=cpu0 user=24 nice=0 system=322 idle=42815 iowait=0 irq=96 softirq=16 steal=0
RT_CPUSTAT sample=81 cpu=cpu1 user=62 nice=0 system=226 idle=32868 iowait=0 irq=7269 softirq=11 steal=0
RT_CPUSTAT sample=82 cpu=cpu0 user=24 nice=0 system=323 idle=43312 iowait=0 irq=98 softirq=16 steal=0
RT_CPUSTAT sample=82 cpu=cpu1 user=62 nice=0 system=230 idle=33237 iowait=0 irq=7360 softirq=11 steal=0
RT_CPUSTAT sample=83 cpu=cpu0 user=25 nice=0 system=324 idle=43811 iowait=0 irq=98 softirq=17 steal=0
RT_CPUSTAT sample=83 cpu=cpu1 user=63 nice=0 system=235 idle=33603 iowait=0 irq=7453 softirq=11 steal=0
RT_CPUSTAT sample=84 cpu=cpu0 user=25 nice=0 system=326 idle=44309 iowait=0 irq=99 softirq=17 steal=0
RT_CPUSTAT sample=84 cpu=cpu1 user=64 nice=0 system=239 idle=33973 iowait=0 irq=7543 softirq=12 steal=0
RT_CPUSTAT sample=85 cpu=cpu0 user=25 nice=0 system=327 idle=44808 iowait=0 irq=100 softirq=17 steal=0
RT_CPUSTAT sample=85 cpu=cpu1 user=66 nice=0 system=241 idle=34344 iowait=0 irq=7633 softirq=12 steal=0
RT_CPUSTAT sample=86 cpu=cpu0 user=25 nice=0 system=328 idle=45305 iowait=0 irq=101 softirq=17 steal=0
RT_CPUSTAT sample=86 cpu=cpu1 user=66 nice=0 system=244 idle=34713 iowait=0 irq=7723 softirq=12 steal=0
RT_CPUSTAT sample=87 cpu=cpu0 user=26 nice=0 system=329 idle=45804 iowait=0 irq=102 softirq=17 steal=0
RT_CPUSTAT sample=87 cpu=cpu1 user=67 nice=0 system=247 idle=35086 iowait=0 irq=7812 softirq=12 steal=0
RT_CPUSTAT sample=88 cpu=cpu0 user=27 nice=0 system=330 idle=46301 iowait=0 irq=103 softirq=17 steal=0
RT_CPUSTAT sample=88 cpu=cpu1 user=67 nice=0 system=249 idle=35458 iowait=0 irq=7900 softirq=12 steal=0
RT_CPUSTAT sample=89 cpu=cpu0 user=27 nice=0 system=331 idle=46800 iowait=0 irq=104 softirq=18 steal=0
RT_CPUSTAT sample=89 cpu=cpu1 user=68 nice=0 system=253 idle=35830 iowait=0 irq=7988 softirq=12 steal=0
RT_CPUSTAT sample=90 cpu=cpu0 user=28 nice=0 system=332 idle=47297 iowait=0 irq=105 softirq=18 steal=0
RT_CPUSTAT sample=90 cpu=cpu1 user=68 nice=0 system=254 idle=36203 iowait=0 irq=8077 softirq=12 steal=0
RT_CPUSTAT sample=91 cpu=cpu0 user=28 nice=0 system=333 idle=47796 iowait=0 irq=106 softirq=18 steal=0
RT_CPUSTAT sample=91 cpu=cpu1 user=68 nice=0 system=256 idle=36573 iowait=0 irq=8167 softirq=12 steal=0
RT_CPUSTAT sample=92 cpu=cpu0 user=28 nice=0 system=336 idle=48293 iowait=0 irq=107 softirq=18 steal=0
RT_CPUSTAT sample=92 cpu=cpu1 user=68 nice=0 system=259 idle=36939 iowait=0 irq=8259 softirq=13 steal=0
RT_CPUSTAT sample=93 cpu=cpu0 user=28 nice=0 system=336 idle=48792 iowait=0 irq=108 softirq=18 steal=0
RT_CPUSTAT sample=93 cpu=cpu1 user=69 nice=0 system=265 idle=37307 iowait=0 irq=8349 softirq=13 steal=0
RT_CPUSTAT sample=94 cpu=cpu0 user=28 nice=0 system=339 idle=49289 iowait=0 irq=109 softirq=19 steal=0
RT_CPUSTAT sample=94 cpu=cpu1 user=71 nice=0 system=269 idle=37675 iowait=0 irq=8440 softirq=13 steal=0
RT_CPUSTAT sample=95 cpu=cpu0 user=28 nice=0 system=340 idle=49788 iowait=0 irq=110 softirq=19 steal=0
RT_CPUSTAT sample=95 cpu=cpu1 user=71 nice=0 system=273 idle=38041 iowait=0 irq=8533 softirq=13 steal=0
RT_CPUSTAT sample=96 cpu=cpu0 user=28 nice=0 system=341 idle=50285 iowait=0 irq=111 softirq=19 steal=0
RT_CPUSTAT sample=96 cpu=cpu1 user=73 nice=0 system=278 idle=38408 iowait=0 irq=8625 softirq=13 steal=0
RT_CPUSTAT sample=97 cpu=cpu0 user=29 nice=0 system=341 idle=50784 iowait=0 irq=112 softirq=19 steal=0
RT_CPUSTAT sample=97 cpu=cpu1 user=73 nice=0 system=281 idle=38775 iowait=0 irq=8716 softirq=13 steal=0
RT_CPUSTAT sample=98 cpu=cpu0 user=29 nice=0 system=344 idle=51282 iowait=0 irq=113 softirq=19 steal=0
RT_CPUSTAT sample=98 cpu=cpu1 user=73 nice=0 system=282 idle=39144 iowait=0 irq=8806 softirq=14 steal=0
RT_CPUSTAT sample=99 cpu=cpu0 user=29 nice=0 system=344 idle=51780 iowait=0 irq=114 softirq=20 steal=0
RT_CPUSTAT sample=99 cpu=cpu1 user=74 nice=0 system=283 idle=39512 iowait=0 irq=8897 softirq=14 steal=0
RT_CPUSTAT sample=100 cpu=cpu0 user=29 nice=0 system=346 idle=52278 iowait=0 irq=115 softirq=20 steal=0
RT_CPUSTAT sample=100 cpu=cpu1 user=76 nice=0 system=286 idle=39879 iowait=0 irq=8989 softirq=14 steal=0
RT_CPUSTAT sample=101 cpu=cpu0 user=30 nice=0 system=347 idle=52776 iowait=0 irq=116 softirq=20 steal=0
RT_CPUSTAT sample=101 cpu=cpu1 user=77 nice=0 system=291 idle=40249 iowait=0 irq=9078 softirq=14 steal=0
RT_CPUSTAT sample=102 cpu=cpu0 user=30 nice=0 system=349 idle=53274 iowait=0 irq=117 softirq=20 steal=0
RT_CPUSTAT sample=102 cpu=cpu1 user=78 nice=0 system=294 idle=40619 iowait=0 irq=9169 softirq=14 steal=0
RT_CPUSTAT sample=103 cpu=cpu0 user=30 nice=0 system=350 idle=53773 iowait=0 irq=118 softirq=20 steal=0
RT_CPUSTAT sample=103 cpu=cpu1 user=79 nice=0 system=297 idle=40989 iowait=0 irq=9258 softirq=14 steal=0
RT_CPUSTAT sample=104 cpu=cpu0 user=30 nice=0 system=352 idle=54270 iowait=0 irq=119 softirq=20 steal=0
RT_CPUSTAT sample=104 cpu=cpu1 user=79 nice=0 system=300 idle=41358 iowait=0 irq=9348 softirq=14 steal=0
RT_CPUSTAT sample=105 cpu=cpu0 user=30 nice=0 system=352 idle=54769 iowait=0 irq=120 softirq=21 steal=0
RT_CPUSTAT sample=105 cpu=cpu1 user=79 nice=0 system=301 idle=41731 iowait=0 irq=9436 softirq=14 steal=0
RT_CPUSTAT sample=106 cpu=cpu0 user=30 nice=0 system=354 idle=55266 iowait=0 irq=121 softirq=21 steal=0
RT_CPUSTAT sample=106 cpu=cpu1 user=80 nice=0 system=306 idle=42101 iowait=0 irq=9525 softirq=15 steal=0
RT_CPUSTAT sample=107 cpu=cpu0 user=31 nice=0 system=354 idle=55765 iowait=0 irq=122 softirq=21 steal=0
RT_CPUSTAT sample=107 cpu=cpu1 user=82 nice=0 system=309 idle=42470 iowait=0 irq=9616 softirq=15 steal=0
RT_CPUSTAT sample=108 cpu=cpu0 user=31 nice=0 system=356 idle=56262 iowait=0 irq=123 softirq=21 steal=0
RT_CPUSTAT sample=108 cpu=cpu1 user=82 nice=0 system=311 idle=42841 iowait=0 irq=9705 softirq=15 steal=0
RT_CPUSTAT sample=109 cpu=cpu0 user=32 nice=0 system=357 idle=56761 iowait=0 irq=123 softirq=21 steal=0
RT_CPUSTAT sample=109 cpu=cpu1 user=83 nice=0 system=312 idle=43213 iowait=0 irq=9793 softirq=15 steal=0
RT_CPUSTAT sample=110 cpu=cpu0 user=33 nice=0 system=358 idle=57258 iowait=0 irq=125 softirq=22 steal=0
RT_CPUSTAT sample=110 cpu=cpu1 user=84 nice=0 system=315 idle=43581 iowait=0 irq=9884 softirq=15 steal=0
RT_CPUSTAT sample=111 cpu=cpu0 user=33 nice=0 system=358 idle=57757 iowait=0 irq=125 softirq=22 steal=0
RT_CPUSTAT sample=111 cpu=cpu1 user=84 nice=0 system=317 idle=43953 iowait=0 irq=9973 softirq=15 steal=0
RT_CPUSTAT sample=112 cpu=cpu0 user=34 nice=0 system=360 idle=58255 iowait=0 irq=126 softirq=22 steal=0
RT_CPUSTAT sample=112 cpu=cpu1 user=86 nice=0 system=321 idle=44319 iowait=0 irq=10065 softirq=16 steal=0
RT_CPUSTAT sample=113 cpu=cpu0 user=34 nice=0 system=361 idle=58754 iowait=0 irq=127 softirq=22 steal=0
RT_CPUSTAT sample=113 cpu=cpu1 user=88 nice=0 system=326 idle=44686 iowait=0 irq=10156 softirq=16 steal=0
RT_CPUSTAT sample=114 cpu=cpu0 user=34 nice=0 system=363 idle=59251 iowait=0 irq=128 softirq=22 steal=0
RT_CPUSTAT sample=114 cpu=cpu1 user=89 nice=0 system=328 idle=45054 iowait=0 irq=10248 softirq=16 steal=0
RT_CPUSTAT sample=115 cpu=cpu0 user=34 nice=0 system=364 idle=59750 iowait=0 irq=129 softirq=22 steal=0
RT_CPUSTAT sample=115 cpu=cpu1 user=90 nice=0 system=331 idle=45425 iowait=0 irq=10337 softirq=16 steal=0
RT_CPUSTAT sample=116 cpu=cpu0 user=35 nice=0 system=365 idle=60247 iowait=0 irq=130 softirq=23 steal=0
RT_CPUSTAT sample=116 cpu=cpu1 user=91 nice=0 system=335 idle=45796 iowait=0 irq=10427 softirq=16 steal=0
RT_CPUSTAT sample=117 cpu=cpu0 user=36 nice=0 system=365 idle=60746 iowait=0 irq=131 softirq=23 steal=0
RT_CPUSTAT sample=117 cpu=cpu1 user=91 nice=0 system=337 idle=46164 iowait=0 irq=10518 softirq=16 steal=0
RT_CPUSTAT sample=118 cpu=cpu0 user=37 nice=0 system=367 idle=61244 iowait=0 irq=132 softirq=23 steal=0
RT_CPUSTAT sample=118 cpu=cpu1 user=91 nice=0 system=340 idle=46538 iowait=0 irq=10605 softirq=16 steal=0
RT_CPUSTAT sample=119 cpu=cpu0 user=37 nice=0 system=368 idle=61742 iowait=0 irq=133 softirq=23 steal=0
RT_CPUSTAT sample=119 cpu=cpu1 user=92 nice=0 system=343 idle=46912 iowait=0 irq=10692 softirq=16 steal=0
RT_CPUSTAT sample=120 cpu=cpu0 user=37 nice=0 system=369 idle=62240 iowait=0 irq=134 softirq=23 steal=0
RT_CPUSTAT sample=120 cpu=cpu1 user=92 nice=0 system=347 idle=47284 iowait=0 irq=10781 softirq=17 steal=0
RT_CPUSTAT sample=121 cpu=cpu0 user=38 nice=0 system=370 idle=62739 iowait=0 irq=134 softirq=24 steal=0
RT_CPUSTAT sample=121 cpu=cpu1 user=94 nice=0 system=350 idle=47652 iowait=0 irq=10872 softirq=17 steal=0
RT_CPUSTAT sample=122 cpu=cpu0 user=38 nice=0 system=371 idle=63236 iowait=0 irq=136 softirq=24 steal=0
RT_CPUSTAT sample=122 cpu=cpu1 user=95 nice=0 system=353 idle=48021 iowait=0 irq=10962 softirq=17 steal=0
RT_CPUSTAT sample=123 cpu=cpu0 user=38 nice=0 system=372 idle=63734 iowait=0 irq=136 softirq=24 steal=0
RT_CPUSTAT sample=123 cpu=cpu1 user=96 nice=0 system=355 idle=48390 iowait=0 irq=11052 softirq=17 steal=0
RT_CPUSTAT sample=124 cpu=cpu0 user=38 nice=0 system=374 idle=64232 iowait=0 irq=138 softirq=24 steal=0
RT_CPUSTAT sample=124 cpu=cpu1 user=97 nice=0 system=359 idle=48757 iowait=0 irq=11145 softirq=17 steal=0
RT_CPUSTAT sample=125 cpu=cpu0 user=38 nice=0 system=374 idle=64731 iowait=0 irq=138 softirq=24 steal=0
RT_CPUSTAT sample=125 cpu=cpu1 user=98 nice=0 system=364 idle=49123 iowait=0 irq=11236 softirq=17 steal=0
RT_CPUSTAT sample=126 cpu=cpu0 user=38 nice=0 system=377 idle=65228 iowait=0 irq=140 softirq=24 steal=0
RT_CPUSTAT sample=126 cpu=cpu1 user=99 nice=0 system=368 idle=49491 iowait=0 irq=11328 softirq=18 steal=0
RT_CPUSTAT sample=127 cpu=cpu0 user=38 nice=0 system=377 idle=65727 iowait=0 irq=140 softirq=25 steal=0
RT_CPUSTAT sample=127 cpu=cpu1 user=101 nice=0 system=371 idle=49862 iowait=0 irq=11416 softirq=18 steal=0
RT_CPUSTAT sample=128 cpu=cpu0 user=38 nice=0 system=380 idle=66224 iowait=0 irq=141 softirq=25 steal=0
RT_CPUSTAT sample=128 cpu=cpu1 user=101 nice=0 system=373 idle=50229 iowait=0 irq=11508 softirq=18 steal=0
RT_CPUSTAT sample=129 cpu=cpu0 user=38 nice=0 system=381 idle=66723 iowait=0 irq=142 softirq=25 steal=0
RT_CPUSTAT sample=129 cpu=cpu1 user=102 nice=0 system=377 idle=50596 iowait=0 irq=11599 softirq=18 steal=0
RT_CPUSTAT sample=130 cpu=cpu0 user=40 nice=0 system=382 idle=67220 iowait=0 irq=143 softirq=25 steal=0
RT_CPUSTAT sample=130 cpu=cpu1 user=103 nice=0 system=382 idle=50964 iowait=0 irq=11690 softirq=18 steal=0
RT_CPUSTAT sample=131 cpu=cpu0 user=40 nice=0 system=382 idle=67719 iowait=0 irq=144 softirq=25 steal=0
RT_CPUSTAT sample=131 cpu=cpu1 user=104 nice=0 system=388 idle=51330 iowait=0 irq=11782 softirq=18 steal=0
RT_CPUSTAT sample=132 cpu=cpu0 user=40 nice=0 system=384 idle=68217 iowait=0 irq=145 softirq=26 steal=0
RT_CPUSTAT sample=132 cpu=cpu1 user=105 nice=0 system=392 idle=51699 iowait=0 irq=11873 softirq=18 steal=0
RT_CPUSTAT sample=133 cpu=cpu0 user=40 nice=0 system=385 idle=68716 iowait=0 irq=146 softirq=26 steal=0
RT_CPUSTAT sample=133 cpu=cpu1 user=106 nice=0 system=396 idle=52063 iowait=0 irq=11966 softirq=19 steal=0
RT_CPUSTAT sample=134 cpu=cpu0 user=41 nice=0 system=387 idle=69213 iowait=0 irq=147 softirq=26 steal=0
RT_CPUSTAT sample=134 cpu=cpu1 user=108 nice=0 system=399 idle=52434 iowait=0 irq=12055 softirq=19 steal=0
RT_CPUSTAT sample=135 cpu=cpu0 user=41 nice=0 system=388 idle=69711 iowait=0 irq=148 softirq=26 steal=0
RT_CPUSTAT sample=135 cpu=cpu1 user=108 nice=0 system=404 idle=52801 iowait=0 irq=12148 softirq=19 steal=0
RT_CPUSTAT sample=136 cpu=cpu0 user=42 nice=0 system=389 idle=70209 iowait=0 irq=149 softirq=26 steal=0
RT_CPUSTAT sample=136 cpu=cpu1 user=109 nice=0 system=406 idle=53172 iowait=0 irq=12237 softirq=19 steal=0
RT_CPUSTAT sample=137 cpu=cpu0 user=42 nice=0 system=390 idle=70708 iowait=0 irq=150 softirq=27 steal=0
RT_CPUSTAT sample=137 cpu=cpu1 user=111 nice=0 system=408 idle=53541 iowait=0 irq=12327 softirq=19 steal=0
RT_CPUSTAT sample=138 cpu=cpu0 user=42 nice=0 system=392 idle=71205 iowait=0 irq=151 softirq=27 steal=0
RT_CPUSTAT sample=138 cpu=cpu1 user=112 nice=0 system=412 idle=53908 iowait=0 irq=12419 softirq=19 steal=0
RT_CPUSTAT sample=139 cpu=cpu0 user=42 nice=0 system=393 idle=71704 iowait=0 irq=152 softirq=27 steal=0
RT_CPUSTAT sample=139 cpu=cpu1 user=113 nice=0 system=415 idle=54274 iowait=0 irq=12511 softirq=19 steal=0
RT_CPUSTAT sample=140 cpu=cpu0 user=43 nice=0 system=394 idle=72201 iowait=0 irq=153 softirq=27 steal=0
RT_CPUSTAT sample=140 cpu=cpu1 user=114 nice=0 system=418 idle=54642 iowait=0 irq=12601 softirq=20 steal=0
RT_CPUSTAT sample=141 cpu=cpu0 user=43 nice=0 system=395 idle=72700 iowait=0 irq=154 softirq=27 steal=0
RT_CPUSTAT sample=141 cpu=cpu1 user=115 nice=0 system=421 idle=55010 iowait=0 irq=12692 softirq=20 steal=0
RT_CPUSTAT sample=142 cpu=cpu0 user=43 nice=0 system=397 idle=73196 iowait=0 irq=155 softirq=28 steal=0
RT_CPUSTAT sample=142 cpu=cpu1 user=117 nice=0 system=423 idle=55383 iowait=0 irq=12780 softirq=20 steal=0
RT_CPUSTAT sample=143 cpu=cpu0 user=43 nice=0 system=398 idle=73695 iowait=0 irq=156 softirq=28 steal=0
RT_CPUSTAT sample=143 cpu=cpu1 user=117 nice=0 system=426 idle=55751 iowait=0 irq=12871 softirq=20 steal=0
RT_CPUSTAT sample=144 cpu=cpu0 user=43 nice=0 system=400 idle=74193 iowait=0 irq=157 softirq=28 steal=0
RT_CPUSTAT sample=144 cpu=cpu1 user=118 nice=0 system=430 idle=56120 iowait=0 irq=12961 softirq=20 steal=0
RT_CPUSTAT sample=145 cpu=cpu0 user=43 nice=0 system=401 idle=74692 iowait=0 irq=158 softirq=28 steal=0
RT_CPUSTAT sample=145 cpu=cpu1 user=119 nice=0 system=435 idle=56492 iowait=0 irq=13050 softirq=20 steal=0
RT_CPUSTAT sample=146 cpu=cpu0 user=44 nice=0 system=402 idle=75189 iowait=0 irq=159 softirq=28 steal=0
RT_CPUSTAT sample=146 cpu=cpu1 user=121 nice=0 system=437 idle=56859 iowait=0 irq=13141 softirq=20 steal=0
RT_CPUSTAT sample=147 cpu=cpu0 user=44 nice=0 system=403 idle=75688 iowait=0 irq=160 softirq=28 steal=0
RT_CPUSTAT sample=147 cpu=cpu1 user=122 nice=0 system=440 idle=57228 iowait=0 irq=13232 softirq=21 steal=0
RT_CPUSTAT sample=148 cpu=cpu0 user=44 nice=0 system=404 idle=76185 iowait=0 irq=161 softirq=29 steal=0
RT_CPUSTAT sample=148 cpu=cpu1 user=123 nice=0 system=441 idle=57599 iowait=0 irq=13321 softirq=21 steal=0
RT_CPUSTAT sample=149 cpu=cpu0 user=44 nice=0 system=405 idle=76684 iowait=0 irq=162 softirq=29 steal=0
RT_CPUSTAT sample=149 cpu=cpu1 user=123 nice=0 system=444 idle=57968 iowait=0 irq=13411 softirq=21 steal=0
RT_CPUSTAT sample=150 cpu=cpu0 user=45 nice=0 system=407 idle=77181 iowait=0 irq=163 softirq=29 steal=0
RT_CPUSTAT sample=150 cpu=cpu1 user=124 nice=0 system=446 idle=58336 iowait=0 irq=13501 softirq=21 steal=0
RT_CPUSTAT sample=151 cpu=cpu0 user=45 nice=0 system=407 idle=77680 iowait=0 irq=164 softirq=29 steal=0
RT_CPUSTAT sample=151 cpu=cpu1 user=125 nice=0 system=449 idle=58703 iowait=0 irq=13593 softirq=21 steal=0
RT_CPUSTAT sample=152 cpu=cpu0 user=46 nice=0 system=409 idle=78178 iowait=0 irq=165 softirq=29 steal=0
RT_CPUSTAT sample=152 cpu=cpu1 user=125 nice=0 system=452 idle=59074 iowait=0 irq=13682 softirq=21 steal=0
RT_CPUSTAT sample=153 cpu=cpu0 user=46 nice=0 system=409 idle=78677 iowait=0 irq=166 softirq=30 steal=0
RT_CPUSTAT sample=153 cpu=cpu1 user=127 nice=0 system=454 idle=59443 iowait=0 irq=13773 softirq=21 steal=0
RT_CPUSTAT sample=154 cpu=cpu0 user=46 nice=0 system=411 idle=79174 iowait=0 irq=167 softirq=30 steal=0
RT_CPUSTAT sample=154 cpu=cpu1 user=127 nice=0 system=455 idle=59812 iowait=0 irq=13863 softirq=22 steal=0
RT_CPUSTAT sample=155 cpu=cpu0 user=46 nice=0 system=412 idle=79673 iowait=0 irq=168 softirq=30 steal=0
RT_CPUSTAT sample=155 cpu=cpu1 user=127 nice=0 system=459 idle=60179 iowait=0 irq=13956 softirq=22 steal=0
RT_CPUSTAT sample=156 cpu=cpu0 user=47 nice=0 system=414 idle=80170 iowait=0 irq=169 softirq=30 steal=0
RT_CPUSTAT sample=156 cpu=cpu1 user=129 nice=0 system=461 idle=60547 iowait=0 irq=14046 softirq=22 steal=0
RT_CPUSTAT sample=157 cpu=cpu0 user=47 nice=0 system=415 idle=80669 iowait=0 irq=169 softirq=30 steal=0
RT_CPUSTAT sample=157 cpu=cpu1 user=129 nice=0 system=466 idle=60916 iowait=0 irq=14137 softirq=22 steal=0
RT_CPUSTAT sample=158 cpu=cpu0 user=47 nice=0 system=417 idle=81166 iowait=0 irq=171 softirq=31 steal=0
RT_CPUSTAT sample=158 cpu=cpu1 user=131 nice=0 system=470 idle=61287 iowait=0 irq=14226 softirq=22 steal=0
RT_CPUSTAT sample=159 cpu=cpu0 user=47 nice=0 system=418 idle=81665 iowait=0 irq=171 softirq=31 steal=0
RT_CPUSTAT sample=159 cpu=cpu1 user=133 nice=0 system=472 idle=61656 iowait=0 irq=14315 softirq=22 steal=0
RT_CPUSTAT sample=160 cpu=cpu0 user=48 nice=0 system=420 idle=82162 iowait=0 irq=173 softirq=31 steal=0
RT_CPUSTAT sample=160 cpu=cpu1 user=133 nice=0 system=475 idle=62023 iowait=0 irq=14407 softirq=22 steal=0
RT_CPUSTAT sample=161 cpu=cpu0 user=48 nice=0 system=421 idle=82661 iowait=0 irq=173 softirq=31 steal=0
RT_CPUSTAT sample=161 cpu=cpu1 user=134 nice=0 system=480 idle=62390 iowait=0 irq=14499 softirq=23 steal=0
RT_CPUSTAT sample=162 cpu=cpu0 user=48 nice=0 system=424 idle=83158 iowait=0 irq=175 softirq=31 steal=0
RT_CPUSTAT sample=162 cpu=cpu1 user=135 nice=0 system=483 idle=62758 iowait=0 irq=14590 softirq=23 steal=0
RT_CPUSTAT sample=163 cpu=cpu0 user=48 nice=0 system=424 idle=83657 iowait=0 irq=175 softirq=31 steal=0
RT_CPUSTAT sample=163 cpu=cpu1 user=136 nice=0 system=485 idle=63128 iowait=0 irq=14679 softirq=23 steal=0
RT_CPUSTAT sample=164 cpu=cpu0 user=48 nice=0 system=425 idle=84155 iowait=0 irq=176 softirq=32 steal=0
RT_CPUSTAT sample=164 cpu=cpu1 user=137 nice=0 system=488 idle=63498 iowait=0 irq=14768 softirq=23 steal=0
RT_CPUSTAT sample=165 cpu=cpu0 user=48 nice=0 system=426 idle=84654 iowait=0 irq=177 softirq=32 steal=0
RT_CPUSTAT sample=165 cpu=cpu1 user=137 nice=0 system=492 idle=63870 iowait=0 irq=14856 softirq=23 steal=0
RT_CPUSTAT sample=166 cpu=cpu0 user=48 nice=0 system=428 idle=85151 iowait=0 irq=178 softirq=32 steal=0
RT_CPUSTAT sample=166 cpu=cpu1 user=138 nice=0 system=495 idle=64239 iowait=0 irq=14945 softirq=23 steal=0
RT_CPUSTAT sample=167 cpu=cpu0 user=48 nice=0 system=429 idle=85650 iowait=0 irq=179 softirq=32 steal=0
RT_CPUSTAT sample=167 cpu=cpu1 user=138 nice=0 system=497 idle=64606 iowait=0 irq=15036 softirq=23 steal=0
RT_CPUSTAT sample=168 cpu=cpu0 user=49 nice=0 system=431 idle=86147 iowait=0 irq=180 softirq=33 steal=0
RT_CPUSTAT sample=168 cpu=cpu1 user=139 nice=0 system=501 idle=64975 iowait=0 irq=15126 softirq=24 steal=0
RT_CPUSTAT sample=169 cpu=cpu0 user=49 nice=0 system=432 idle=86646 iowait=0 irq=181 softirq=33 steal=0
RT_CPUSTAT sample=169 cpu=cpu1 user=141 nice=0 system=502 idle=65344 iowait=0 irq=15217 softirq=24 steal=0
RT_CPUSTAT sample=170 cpu=cpu0 user=50 nice=0 system=434 idle=87143 iowait=0 irq=182 softirq=33 steal=0
RT_CPUSTAT sample=170 cpu=cpu1 user=143 nice=0 system=505 idle=65712 iowait=0 irq=15309 softirq=24 steal=0
RT_CPUSTAT sample=171 cpu=cpu0 user=50 nice=0 system=435 idle=87642 iowait=0 irq=183 softirq=33 steal=0
RT_CPUSTAT sample=171 cpu=cpu1 user=143 nice=0 system=508 idle=66078 iowait=0 irq=15401 softirq=24 steal=0
RT_CPUSTAT sample=172 cpu=cpu0 user=51 nice=0 system=436 idle=88139 iowait=0 irq=184 softirq=33 steal=0
RT_CPUSTAT sample=172 cpu=cpu1 user=144 nice=0 system=512 idle=66445 iowait=0 irq=15493 softirq=24 steal=0
RT_CPUSTAT sample=173 cpu=cpu0 user=51 nice=0 system=437 idle=88638 iowait=0 irq=185 softirq=33 steal=0
RT_CPUSTAT sample=173 cpu=cpu1 user=144 nice=0 system=515 idle=66813 iowait=0 irq=15584 softirq=24 steal=0
RT_CPUSTAT sample=174 cpu=cpu0 user=52 nice=0 system=438 idle=89135 iowait=0 irq=186 softirq=34 steal=0
RT_CPUSTAT sample=174 cpu=cpu1 user=146 nice=0 system=520 idle=67180 iowait=0 irq=15675 softirq=24 steal=0
RT_CPUSTAT sample=175 cpu=cpu0 user=52 nice=0 system=439 idle=89634 iowait=0 irq=187 softirq=34 steal=0
RT_CPUSTAT sample=175 cpu=cpu1 user=147 nice=0 system=524 idle=67549 iowait=0 irq=15765 softirq=25 steal=0
RT_CPUSTAT sample=176 cpu=cpu0 user=53 nice=0 system=440 idle=90131 iowait=0 irq=188 softirq=34 steal=0
RT_CPUSTAT sample=176 cpu=cpu1 user=148 nice=0 system=528 idle=67915 iowait=0 irq=15857 softirq=25 steal=0
RT_CPUSTAT sample=177 cpu=cpu0 user=53 nice=0 system=441 idle=90630 iowait=0 irq=189 softirq=34 steal=0
RT_CPUSTAT sample=177 cpu=cpu1 user=150 nice=0 system=534 idle=68279 iowait=0 irq=15950 softirq=25 steal=0
RT_CPUSTAT sample=178 cpu=cpu0 user=53 nice=0 system=443 idle=91127 iowait=0 irq=190 softirq=34 steal=0
RT_CPUSTAT sample=178 cpu=cpu1 user=151 nice=0 system=536 idle=68651 iowait=0 irq=16037 softirq=25 steal=0
RT_CPUSTAT sample=179 cpu=cpu0 user=53 nice=0 system=444 idle=91626 iowait=0 irq=191 softirq=35 steal=0
RT_CPUSTAT sample=179 cpu=cpu1 user=153 nice=0 system=538 idle=69022 iowait=0 irq=16126 softirq=25 steal=0
RT_CPUSTAT sample=180 cpu=cpu0 user=55 nice=0 system=447 idle=91998 iowait=0 irq=192 softirq=35 steal=0
RT_CPUSTAT sample=180 cpu=cpu1 user=156 nice=0 system=540 idle=69449 iowait=0 irq=16181 softirq=25 steal=0
RT_CPUSTAT sample=181 cpu=cpu0 user=55 nice=0 system=449 idle=92150 iowait=0 irq=193 softirq=35 steal=0
RT_CPUSTAT sample=181 cpu=cpu1 user=156 nice=0 system=540 idle=70027 iowait=0 irq=16181 softirq=25 steal=0
RT_CPUSTAT sample=182 cpu=cpu0 user=55 nice=0 system=452 idle=92316 iowait=0 irq=193 softirq=35 steal=0
RT_CPUSTAT sample=182 cpu=cpu1 user=156 nice=0 system=540 idle=70604 iowait=0 irq=16181 softirq=25 steal=0
RT_CPUSTAT sample=183 cpu=cpu0 user=55 nice=0 system=573 idle=92367 iowait=0 irq=201 softirq=35 steal=0
RT_CPUSTAT sample=183 cpu=cpu1 user=156 nice=0 system=540 idle=71125 iowait=0 irq=16181 softirq=25 steal=0
RT_INIT_DONE scenario=idle
[  964.067926] reboot: Power down
[37m[967.440652 2:17 axvm::runtime::hvc:352] [33mVM[1] PSCI_SYSTEM_OFF[m
[m[37m[967.440869 2:17 axvm::vm:1360] [32mStopping VM[1]: SystemDown[m
[m
[37m[967.441296 2:17 axvm::runtime::vcpus:800] [33mVM[1] VCpu[0] stopping because of VM stopping[m[Axvisor] VM[1] stopped; returning to the management shell
[m[37m[967.721298 3:22 axvm::runtime::vcpus:800] [33mVM[1] VCpu[1] stopping because of VM stopping[m

[m[37m[967.721599 2:17 axvm::runtime::vcpus:838] [32mVM[1] VCpu[0] exiting...[m
[2Kaxvisor:$ 
[m[37m[967.721752 3:22 axvm::runtime::vcpus:807] [32mVM[1] VCpu[1] last VCpu exiting, decreasing running VM count[m
[m[37m[967.723066 3:22 axvm::runtime::vcpus:817] [32mVM[1] state changed to Stopped[m
[m[37m[967.723379 3:22 axvm::runtime::vcpus:838] [32mVM[1] VCpu[1] exiting...[m
[m
[2Kaxvisor:$ v
[2Kaxvisor:$ vm
[2Kaxvisor:$ vme
[2Kaxvisor:$ vmex
[2Kaxvisor:$ vmexi
[2Kaxvisor:$ vmexit
[2Kaxvisor:$ vmexit 
[2Kaxvisor:$ vmexit s
[2Kaxvisor:$ vmexit st
[2Kaxvisor:$ vmexit sta
[2Kaxvisor:$ vmexit stat
