VM-exit counters per physical CPU (12 reasons):
  cpu         irq     timer      mmio       wfi   hvc-smc    sysreg    gic-if       sgi    cpu-up  sys-down   nothing     other
    1       15471     15365     46395     15364         -         -         -         -         -         -         -         -
    2        1610      1156     31203       128         7         -         -       128         -         -        11         -
    3        2079      1967        52      2839         -         -         -        21         -         -         2         -
Host periodic scheduler ticks (event-driven timer IRQs excluded):
  cpu   0:       3318
  cpu   1:       3319
  cpu   2:       3317
  cpu   3:       3314
axvisor:$ 
[2Kaxvisor:$ v
[2Kaxvisor:$ vm
[2Kaxvisor:$ vm 
[2Kaxvisor:$ vm c
[2Kaxvisor:$ vm co
[2Kaxvisor:$ vm con
[2Kaxvisor:$ vm cons
[2Kaxvisor:$ vm conso
[2Kaxvisor:$ vm consol
[2Kaxvisor:$ vm console
[2Kaxvisor:$ vm console 
[2Kaxvisor:$ vm console 2
✓ Attached VM[2] console; use Ctrl+X, then h to return to the shell
PERIODIC LATENCY START
sequence,timestamp_ns,deadline_ns,actual_ns,jitter_ns
0,10578896,37537010672,37537589568,578896
1,20644352,37547010672,37547655024,644352
2,30651408,37557010672,37557662080,651408
3,40639888,37567010672,37567650560,639888
4,50679984,37577010672,37577690656,679984
5,60666736,37587010672,37587677408,666736
6,70750736,37597010672,37597761408,750736
7,80675216,37607010672,37607685888,675216
8,90660224,37617010672,37617670896,660224
9,100667664,37627010672,37627678336,667664
10,110694464,37637010672,37637705136,694464
11,120665632,37647010672,37647676304,665632
12,130642656,37657010672,37657653328,642656
13,140719168,37667010672,37667729840,719168
14,150775568,37677010672,37677786240,775568
15,160652976,37687010672,37687663648,652976
16,170687664,37697010672,37697698336,687664
17,180636176,37707010672,37707646848,636176
18,190684960,37717010672,37717695632,684960
19,200688720,37727010672,37727699392,688720
20,210645536,37737010672,37737656208,645536
21,220742096,37747010672,37747752768,742096
22,230748272,37757010672,37757758944,748272
23,240828992,37767010672,37767839664,828992
24,250641184,37777010672,37777651856,641184
25,260743040,37787010672,37787753712,743040
26,270798192,37797010672,37797808864,798192
27,280794400,37807010672,37807805072,794400
28,290760192,37817010672,37817770864,760192
29,300743680,37827010672,37827754352,743680
30,310754992,37837010672,37837765664,754992
31,320750480,37847010672,37847761152,750480
32,330699024,37857010672,37857709696,699024
33,340645872,37867010672,37867656544,645872
34,350683040,37877010672,37877693712,683040
35,360672832,37887010672,37887683504,672832
36,370706064,37897010672,37897716736,706064
37,380653536,37907010672,37907664208,653536
38,390648208,37917010672,37917658880,648208
39,400646208,37927010672,37927656880,646208
40,410685392,37937010672,37937696064,685392
41,420633056,37947010672,37947643728,633056
42,430688000,37957010672,37957698672,688000
43,440699776,37967010672,37967710448,699776
44,450682256,37977010672,37977692928,682256
45,460793344,37987010672,37987804016,793344
46,470710704,37997010672,37997721376,710704
47,480762768,38007010672,38007773440,762768
48,490747728,38017010672,38017758400,747728
49,500759616,38027010672,38027770288,759616
50,510801856,38037010672,38037812528,801856
51,520738816,38047010672,38047749488,738816
52,530780576,38057010672,38057791248,780576
53,540701280,38067010672,38067711952,701280
54,550681040,38077010672,38077691712,681040
55,560812560,38087010672,38087823232,812560
56,570746832,38097010672,38097757504,746832
57,580767776,38107010672,38107778448,767776
58,590727776,38117010672,38117738448,727776
59,600701968,38127010672,38127712640,701968
60,610766400,38137010672,38137777072,766400
61,620809392,38147010672,38147820064,809392
62,630738768,38157010672,38157749440,738768
63,640669152,38167010672,38167679824,669152
64,650727776,38177010672,38177738448,727776
65,660767024,38187010672,38187777696,767024
66,670804400,38197010672,38197815072,804400
67,680789664,38207010672,38207800336,789664
68,690803312,38217010672,38217813984,803312
69,700776656,38227010672,38227787328,776656
70,710724432,38237010672,38237735104,724432
71,720726336,38247010672,38247737008,726336
72,730712688,38257010672,38257723360,712688
73,740712864,38267010672,38267723536,712864
74,750755120,38277010672,38277765792,755120
75,760798416,38287010672,38287809088,798416
76,770657264,38297010672,38297667936,657264
77,780699168,38307010672,38307709840,699168
78,790824208,38317010672,38317834880,824208
79,800778736,38327010672,38327789408,778736
80,810807840,38337010672,38337818512,807840
81,820688400,38347010672,38347699072,688400
82,830668688,38357010672,38357679360,668688
83,840641600,38367010672,38367652272,641600
84,850685856,38377010672,38377696528,685856
85,860672736,38387010672,38387683408,672736
86,870689568,38397010672,38397700240,689568
87,880670880,38407010672,38407681552,670880
88,890683568,38417010672,38417694240,683568
89,900645280,38427010672,38427655952,645280
90,910713280,38437010672,38437723952,713280
91,920656912,38447010672,38447667584,656912
92,930686320,38457010672,38457696992,686320
93,940670592,38467010672,38467681264,670592
94,950737936,38477010672,38477748608,737936
95,960642624,38487010672,38487653296,642624
96,970655776,38497010672,38497666448,655776
97,980565936,38507010672,38507576608,565936
98,990666592,38517010672,38517677264,666592
99,1000554272,38527010672,38527564944,554272
100,1010595072,38537010672,38537605744,595072
101,1020547408,38547010672,38547558080,547408
102,1030530688,38557010672,38557541360,530688
103,1040545232,38567010672,38567555904,545232
104,1050609664,38577010672,38577620336,609664
105,1060516928,38587010672,38587527600,516928
106,1070529024,38597010672,38597539696,529024
107,1080541824,38607010672,38607552496,541824
108,1090573264,38617010672,38617583936,573264
109,1100525584,38627010672,38627536256,525584
110,1110769120,38637010672,38637779792,769120
111,1120651504,38647010672,38647662176,651504
112,1130672336,38657010672,38657683008,672336
113,1140730544,38667010672,38667741216,730544
114,1150807920,38677010672,38677818592,807920
115,1160773168,38687010672,38687783840,773168
116,1170687648,38697010672,38697698320,687648
117,1180775712,38707010672,38707786384,775712
118,1190709712,38717010672,38717720384,709712
119,1200739584,38727010672,38727750256,739584
120,1210764784,38737010672,38737775456,764784
121,1220864240,38747010672,38747874912,864240
122,1230783888,38757010672,38757794560,783888
123,1240757040,38767010672,38767767712,757040
124,1250772288,38777010672,38777782960,772288
125,1260744496,38787010672,38787755168,744496
126,1270682208,38797010672,38797692880,682208
127,1280788384,38807010672,38807799056,788384
128,1290742576,38817010672,38817753248,742576
129,1300780272,38827010672,38827790944,780272
130,1310788128,38837010672,38837798800,788128
131,1320712608,38847010672,38847723280,712608
132,1330679200,38857010672,38857689872,679200
133,1340742272,38867010672,38867752944,742272
134,1350689312,38877010672,38877699984,689312
135,1360656528,38887010672,38887667200,656528
136,1370690352,38897010672,38897701024,690352
137,1380725888,38907010672,38907736560,725888
138,1390762864,38917010672,38917773536,762864
139,1400728400,38927010672,38927739072,728400
140,1410749968,38937010672,38937760640,749968
141,1420766256,38947010672,38947776928,766256
142,1430867664,38957010672,38957878336,867664
143,1440728064,38967010672,38967738736,728064
144,1450752336,38977010672,38977763008,752336
145,1460734880,38987010672,38987745552,734880
146,1470722832,38997010672,38997733504,722832
147,1480798160,39007010672,39007808832,798160
148,1490749488,39017010672,39017760160,749488
149,1500736400,39027010672,39027747072,736400
150,1510714016,39037010672,39037724688,714016
151,1520764576,39047010672,39047775248,764576
152,1530766176,39057010672,39057776848,766176
153,1540749808,39067010672,39067760480,749808
154,1550768864,39077010672,39077779536,768864
155,1560737680,39087010672,39087748352,737680
156,1570713632,39097010672,39097724304,713632
157,1580733968,39107010672,39107744640,733968
158,1590728144,39117010672,39117738816,728144
159,1600710768,39127010672,39127721440,710768
160,1610714832,39137010672,39137725504,714832
161,1620810512,39147010672,39147821184,810512
162,1630760288,39157010672,39157770960,760288
163,1640733600,39167010672,39167744272,733600
164,1650763920,39177010672,39177774592,763920
165,1660747520,39187010672,39187758192,747520
166,1670745616,39197010672,39197756288,745616
167,1680750304,39207010672,39207760976,750304
168,1690752816,39217010672,39217763488,752816
169,1700736400,39227010672,39227747072,736400
170,1710627456,39237010672,39237638128,627456
171,1720517952,39247010672,39247528624,517952
172,1730639488,39257010672,39257650160,639488
173,1740506240,39267010672,39267516912,506240
174,1750507888,39277010672,39277518560,507888
175,1760484896,39287010672,39287495568,484896
176,1770618848,39297010672,39297629520,618848
177,1780541088,39307010672,39307551760,541088
178,1790549440,39317010672,39317560112,549440
179,1800513744,39327010672,39327524416,513744
180,1810544896,39337010672,39337555568,544896
181,1820502976,39347010672,39347513648,502976
182,1830513776,39357010672,39357524448,513776
183,1840560608,39367010672,39367571280,560608
184,1850585856,39377010672,39377596528,585856
185,1860494784,39387010672,39387505456,494784
186,1870528656,39397010672,39397539328,528656
187,1880528128,39407010672,39407538800,528128
188,1890563552,39417010672,39417574224,563552
189,1900583552,39427010672,39427594224,583552
190,1910493984,39437010672,39437504656,493984
191,1920503424,39447010672,39447514096,503424
192,1930507088,39457010672,39457517760,507088
193,1940565296,39467010672,39467575968,565296
194,1950568304,39477010672,39477578976,568304
195,1960782848,39487010672,39487793520,782848
196,1970652240,39497010672,39497662912,652240
197,1980650160,39507010672,39507660832,650160
198,1990656736,39517010672,39517667408,656736
199,2000655952,39527010672,39527666624,655952
200,2010651904,39537010672,39537662576,651904
201,2020635440,39547010672,39547646112,635440
202,2030670208,39557010672,39557680880,670208
203,2040691040,39567010672,39567701712,691040
204,2050679360,39577010672,39577690032,679360
205,2060670272,39587010672,39587680944,670272
206,2070704880,39597010672,39597715552,704880
207,2080730944,39607010672,39607741616,730944
208,2090761328,39617010672,39617772000,761328
209,2100780944,39627010672,39627791616,780944
210,2110743184,39637010672,39637753856,743184
211,2120785104,39647010672,39647795776,785104
212,2130759008,39657010672,39657769680,759008
213,2140751056,39667010672,39667761728,751056
214,2150847152,39677010672,39677857824,847152
215,2160788928,39687010672,39687799600,788928
216,2170785456,39697010672,39697796128,785456
217,2180741232,39707010672,39707751904,741232
218,2190748944,39717010672,39717759616,748944
219,2200666752,39727010672,39727677424,666752
220,2210776576,39737010672,39737787248,776576
221,2220848032,39747010672,39747858704,848032
222,2230798112,39757010672,39757808784,798112
223,2240737168,39767010672,39767747840,737168
224,2250727888,39777010672,39777738560,727888
225,2260780016,39787010672,39787790688,780016
226,2270754624,39797010672,39797765296,754624
227,2280743328,39807010672,39807754000,743328
228,2290919488,39817010672,39817930160,919488
229,2300747840,39827010672,39827758512,747840
230,2310586208,39837010672,39837596880,586208
231,2320563200,39847010672,39847573872,563200
232,2330560368,39857010672,39857571040,560368
233,2340551536,39867010672,39867562208,551536
234,2350548624,39877010672,39877559296,548624
235,2360532352,39887010672,39887543024,532352
236,2370580976,39897010672,39897591648,580976
237,2380523264,39907010672,39907533936,523264
238,2390546656,39917010672,39917557328,546656
239,2400564656,39927010672,39927575328,564656
240,2410508432,39937010672,39937519104,508432
241,2420559552,39947010672,39947570224,559552
242,2430562112,39957010672,39957572784,562112
243,2440616944,39967010672,39967627616,616944
244,2450572560,39977010672,39977583232,572560
245,2460557040,39987010672,39987567712,557040
246,2470589984,39997010672,39997600656,589984
247,2480559152,40007010672,40007569824,559152
248,2490558592,40017010672,40017569264,558592
249,2500552704,40027010672,40027563376,552704
250,2510504800,40037010672,40037515472,504800
251,2520544560,40047010672,40047555232,544560
252,2530497168,40057010672,40057507840,497168
253,2540538576,40067010672,40067549248,538576
254,2550565344,40077010672,40077576016,565344
255,2560545856,40087010672,40087556528,545856
256,2570634480,40097010672,40097645152,634480
257,2580532896,40107010672,40107543568,532896
258,2590685120,40117010672,40117695792,685120
259,2600560896,40127010672,40127571568,560896
260,2610559616,40137010672,40137570288,559616
261,2620529104,40147010672,40147539776,529104
262,2630533216,40157010672,40157543888,533216
263,2640516944,40167010672,40167527616,516944
264,2650536720,40177010672,40177547392,536720
265,2660520944,40187010672,40187531616,520944
266,2670563024,40197010672,40197573696,563024
267,2680524176,40207010672,40207534848,524176
268,2690533120,40217010672,40217543792,533120
269,2700551120,40227010672,40227561792,551120
270,2710530624,40237010672,40237541296,530624
271,2720522288,40247010672,40247532960,522288
272,2730542208,40257010672,40257552880,542208
273,2740570816,40267010672,40267581488,570816
274,2750528592,40277010672,40277539264,528592
275,2760527696,40287010672,40287538368,527696
276,2770571520,40297010672,40297582192,571520
277,2780606000,40307010672,40307616672,606000
278,2790537248,40317010672,40317547920,537248
279,2800557760,40327010672,40327568432,557760
280,2810526416,40337010672,40337537088,526416
281,2820529408,40347010672,40347540080,529408
282,2830580544,40357010672,40357591216,580544
283,2840554320,40367010672,40367564992,554320
284,2850539440,40377010672,40377550112,539440
285,2860524320,40387010672,40387534992,524320
286,2870540544,40397010672,40397551216,540544
287,2880570784,40407010672,40407581456,570784
288,2890532368,40417010672,40417543040,532368
289,2900528928,40427010672,40427539600,528928
290,2910565232,40437010672,40437575904,565232
291,2920520016,40447010672,40447530688,520016
292,2930532064,40457010672,40457542736,532064
293,2940515840,40467010672,40467526512,515840
294,2950523232,40477010672,40477533904,523232
295,2960661936,40487010672,40487672608,661936
296,2970700048,40497010672,40497710720,700048
297,2980688128,40507010672,40507698800,688128
298,2990680272,40517010672,40517690944,680272
299,3000658048,40527010672,40527668720,658048
PERIODIC LATENCY COMPLETE samples=300
